{"18": {"LA": {"5-7": {"max_dim": 3, "1": {"cov_matrix": 324.96202560121947, "mean": 608.2942904775267}, "2": {"cov_matrix": [[106846.88094704038, 16168.893364775256], [16168.893364775256, 91062.97497713653]], "mean": [587.5818074003795, 546.9642314990513]}, "3": {"cov_matrix": [[97495.37656514678, 7515.781030232941, 19743.80798365847], [7515.781030232941, 84683.52283336801, 9313.369022682271], [19743.80798365847, 9313.369022682271, 71342.54121491725]], "mean": [533.8623836195704, 507.08383100263364, 466.99154271300864]}}, "7-9": {"max_dim": 3, "1": {"cov_matrix": 226.20022189925538, "mean": 342.8212828490316}, "2": {"cov_matrix": [[52521.15913007914, -2966.3518637408856], [-2966.3518637408856, 48444.13401384463]], "mean": [342.9768583195747, 337.04599306928895]}, "3": {"cov_matrix": [[53421.09734238623, -3315.1646962903374, 857.5418609747596], [-3315.1646962903374, 49912.95013270494, -3998.5830524970147], [857.5418609747596, -3998.5830524970147, 45526.976992605734]], "mean": [338.96819981533355, 337.25219487002926, 330.66151269972926]}}, "9-11": {"max_dim": 3, "1": {"cov_matrix": 232.02486120697503, "mean": 336.7550990841422}, "2": {"cov_matrix": [[55905.059345197085, -7711.30325398876], [-7711.30325398876, 52186.31238916437]], "mean": [334.6786856387143, 339.8402163768815]}, "3": {"cov_matrix": [[57955.35477838204, -7980.555083565263, 101.91495390282921], [-7980.555083565263, 54358.34656641033, -7903.546700126216], [101.91495390282921, -7903.546700126216, 49953.89590277653]], "mean": [329.34517900597956, 337.9508628967115, 339.9291494993319]}}, "11-13": {"max_dim": 3, "1": {"cov_matrix": 227.68063190921856, "mean": 367.9051839681785}, "2": {"cov_matrix": [[53568.40879205574, -11052.285871594544], [-11052.285871594544, 50672.08164596964]], "mean": [369.2657965259662, 370.116623189309]}, "3": {"cov_matrix": [[55301.29061317559, -11205.752832638793, -2331.130515066267], [-11205.752832638793, 52493.50093528744, -11515.741476554243], [-2331.130515066267, -11515.741476554243, 48853.705108869806]], "mean": [367.2490571846379, 371.984684060648, 372.09603632725316]}}, "13-15": {"max_dim": 3, "1": {"cov_matrix": 230.63582754199388, "mean": 368.8767741205581}, "2": {"cov_matrix": [[55582.101525440106, -10383.183531399081], [-10383.183531399081, 52297.74479911756]], "mean": [369.73056048984535, 370.58751974852856]}, "3": {"cov_matrix": [[57664.65656780088, -10486.896085406246, -4214.985747894844], [-10486.896085406246, 54895.77524678138, -10654.851242272369], [-4214.985747894844, -10654.851242272369, 51030.66235256662]], "mean": [367.37536917816516, 371.7813719918385, 371.5340296087876]}}, "15-17": {"max_dim": 3, "1": {"cov_matrix": 241.46045485868348, "mean": 362.6187471849537}, "2": {"cov_matrix": [[60508.076150492336, -11048.420038902068], [-11048.420038902068, 57966.56975142766]], "mean": [364.1156751258246, 363.7314565288353]}, "3": {"cov_matrix": [[62869.691165068645, -11298.291883054135, -2260.4159909847317], [-11298.291883054135, 60407.60552922028, -11426.25936579339], [-2260.4159909847317, -11426.25936579339, 56261.159363356084]], "mean": [362.52271308482347, 365.5418986291764, 363.72177326252597]}}, "17-19": {"max_dim": 3, "1": {"cov_matrix": 245.7523630766785, "mean": 352.22325117294685}, "2": {"cov_matrix": [[62503.33085307311, -10253.657356781478], [-10253.657356781478, 60091.4808825986]], "mean": [350.77607598218646, 355.99139061737435]}, "3": {"cov_matrix": [[64320.39072393624, -10385.790981590284, -1269.8892580875802], [-10385.790981590284, 62455.28025618806, -10293.544957547225], [-1269.8892580875802, -10293.544957547225, 58665.66125834312]], "mean": [345.76805939390283, 354.8400124168438, 358.1053534704647]}}, "19-21": {"max_dim": 3, "1": {"cov_matrix": 251.81919215317947, "mean": 440.71052908849936}, "2": {"cov_matrix": [[65459.435028782995, -3055.265242853739], [-3055.265242853739, 62070.82800417394]], "mean": [432.5712525155852, 446.01134061842424]}, "3": {"cov_matrix": [[66488.89747630157, -3641.733972857127, 3796.344001330389], [-3641.733972857127, 64391.837568943396, -3375.147328484769], [3796.344001330389, -3375.147328484769, 59947.192572408916]], "mean": [419.4532280159258, 437.2664444960706, 446.80816957597995]}}, "21-23": {"max_dim": 3, "1": {"cov_matrix": 280.5916020196088, "mean": 607.924394933273}, "2": {"cov_matrix": [[84540.23663096975, -18045.702100428083], [-18045.702100428083, 71719.22647159257]], "mean": [598.6062781269759, 623.4672518317402]}, "3": {"cov_matrix": [[88582.05337509947, -20278.337227735374, -4708.680077588383], [-20278.337227735374, 77549.67945554799, -19284.44718714626], [-4708.680077588383, -19284.44718714626, 61245.29051025905]], "mean": [577.9400140003231, 618.3040224005169, 630.3877551020408]}}}, "SA": {"5-7": {"max_dim": 3, "1": {"cov_matrix": 201.97767873414594, "mean": 636.4910576923077}, "2": {"cov_matrix": [[40995.320918080724, -60.911136964445866], [-60.911136964445866, 40832.30466804729]], "mean": [634.9616690926734, 607.8031699822093]}, "3": {"cov_matrix": [[36344.29360379592, -3570.367231037615, -1032.0940084542772], [-3570.367231037615, 38614.523318835745, -5124.69726616642], [-1032.0940084542772, -5124.69726616642, 33455.794183700025]], "mean": [606.8914389799636, 580.6688524590164, 542.7719489981785]}}, "7-9": {"max_dim": 3, "1": {"cov_matrix": 196.6691935412963, "mean": 499.4303004848994}, "2": {"cov_matrix": [[39443.32703827405, -4067.6931048788015], [-4067.6931048788015, 37506.22656599958]], "mean": [498.99437327304696, 495.4325043958804]}, "3": {"cov_matrix": [[38603.83281839686, -3907.48146689367, 1919.7347945956324], [-3907.48146689367, 38439.06884843971, -5047.528726332282], [1919.7347945956324, -5047.528726332282, 36612.91437046323]], "mean": [490.7139634723132, 493.92818161973366, 479.67197846176236]}}, "9-11": {"max_dim": 3, "1": {"cov_matrix": 197.2548443649008, "mean": 388.1365673049712}, "2": {"cov_matrix": [[40506.8986831162, -5015.507700445803], [-5015.507700445803, 38135.75741864284]], "mean": [390.4922032959424, 387.0159257720537]}, "3": {"cov_matrix": [[41841.45309354328, -4967.598747195576, -442.9777143253994], [-4967.598747195576, 39913.27921711465, -5672.262604717742], [-442.9777143253994, -5672.262604717742, 36966.61583310278]], "mean": [389.47136770773926, 389.614579489416, 382.7039149250226]}}, "11-13": {"max_dim": 3, "1": {"cov_matrix": 207.712292512827, "mean": 363.1245485916058}, "2": {"cov_matrix": [[44918.318656985255, -6054.946286904577], [-6054.946286904577, 43009.711436411446]], "mean": [364.24126998713473, 365.7400523800772]}, "3": {"cov_matrix": [[45822.69323041957, -5548.938694622322, -2583.697881123043], [-5548.938694622322, 45052.155779825924, -7084.327343240835], [-2583.697881123043, -7084.327343240835, 42097.583052696784]], "mean": [358.6567966251982, 367.47878657602706, 368.62519816213023]}}, "13-15": {"max_dim": 3, "1": {"cov_matrix": 223.08754548367355, "mean": 365.2965834746789}, "2": {"cov_matrix": [[51868.011262910775, -9398.12932842972], [-9398.12932842972, 48928.31688519012]], "mean": [366.9092767428138, 366.42676810250356]}, "3": {"cov_matrix": [[53627.24014912879, -9184.549840054762, -3216.623761767526], [-9184.549840054762, 51213.4583108088, -10240.400196075687], [-3216.623761767526, -10240.400196075687, 46853.31564272914]], "mean": [364.65147732506, 368.4438277140849, 367.8017306154107]}}, "15-17": {"max_dim": 3, "1": {"cov_matrix": 204.16889967972062, "mean": 361.42411320360634}, "2": {"cov_matrix": [[43307.93738616114, -8922.456849538918], [-8922.456849538918, 41385.205906766896]], "mean": [362.342744223357, 364.06288274539725]}, "3": {"cov_matrix": [[44496.591420846526, -8947.267061394083, -2980.6059459551075], [-8947.267061394083, 43187.19177406546, -9176.738506173715], [-2980.6059459551075, -9176.738506173715, 40381.149522208674]], "mean": [360.1064034127711, 365.4655484332075, 365.72972550421014]}}, "17-19": {"max_dim": 3, "1": {"cov_matrix": 234.51905030766164, "mean": 362.9914492890103}, "2": {"cov_matrix": [[56774.470122961095, -14454.937092094771], [-14454.937092094771, 54107.43725212618]], "mean": [362.31372423505314, 367.0426321853796]}, "3": {"cov_matrix": [[58669.57619198112, -15693.71841648682, -90.23149383904648], [-15693.71841648682, 56024.146222304895, -14527.850781423042], [-90.23149383904648, -14527.850781423042, 53178.26200763121]], "mean": [358.44495570866144, 366.90132874015745, 368.059375]}}, "19-21": {"max_dim": 3, "1": {"cov_matrix": 240.26068570743672, "mean": 514.7492195971479}, "2": {"cov_matrix": [[59579.58686804056, -2951.319510134637], [-2951.319510134637, 57081.24595490258]], "mean": [502.982139977423, 521.6618287373004]}, "3": {"cov_matrix": [[58125.36868127834, -1720.7643049264682, 10226.397966873827], [-1720.7643049264682, 59495.62551926847, -4206.35737670865], [10226.397966873827, -4206.35737670865, 55739.007680072464]], "mean": [482.6212397685209, 508.466294770867, 522.8198216985559]}}, "21-23": {"max_dim": 3, "1": {"cov_matrix": 215.4113770732511, "mean": 611.8302075876879}, "2": {"cov_matrix": [[48746.64524714447, -11169.404086388826], [-11169.404086388826, 43177.149892562025]], "mean": [609.7157854552396, 624.7860278679137]}, "3": {"cov_matrix": [[52491.38059204935, -12139.69474871726, 205.5724291765055], [-12139.69474871726, 45118.33328773305, -9988.845455042027], [205.5724291765055, -9988.845455042027, 38370.667900556604]], "mean": [597.9694982896237, 627.9580957810718, 618.6870011402508]}}}, "FE": {"5-7": {"max_dim": 3, "1": {"cov_matrix": 190.91336605842045, "mean": 690.6523227383863}, "2": {"cov_matrix": [[37276.81111054166, -11833.050269881795], [-11833.050269881795, 34142.98948267942]], "mean": [678.3376324274528, 711.4940119760479]}, "3": {"cov_matrix": [[33578.635602236835, -8709.64310928171, -6751.595982972262], [-8709.64310928171, 35395.4816048263, -15459.591720844783], [-6751.595982972262, -15459.591720844783, 28112.09942233085]], "mean": [617.6256643887623, 692.9506454062263, 704.3583902809415]}}, "7-9": {"max_dim": 3, "1": {"cov_matrix": 200.00324624180166, "mean": 671.9332951799568}, "2": {"cov_matrix": [[41448.48754894623, -9875.146053021888], [-9875.146053021888, 38370.63981336973]], "mean": [666.3160737947202, 674.2985424523494]}, "3": {"cov_matrix": [[41640.98631195605, -7495.243622626601, 1729.2745098137143], [-7495.243622626601, 40840.686336811435, -5534.630670756709], [1729.2745098137143, -5534.630670756709, 36742.50980222778]], "mean": [636.6780499293453, 660.5002355157795, 653.697362223269]}}, "9-11": {"max_dim": 3, "1": {"cov_matrix": 193.2098745868116, "mean": 517.5551479384321}, "2": {"cov_matrix": [[38329.490366429265, -3808.5961461849793], [-3808.5961461849793, 36200.49191763279]], "mean": [518.8161052631579, 513.2626842105263]}, "3": {"cov_matrix": [[38986.63806870828, -3548.084026400503, -1924.282936088094], [-3548.084026400503, 37063.91335180215, -5008.715338323322], [-1924.282936088094, -5008.715338323322, 33858.07719354166]], "mean": [512.207757296467, 513.6469278033794, 501.14400921658984]}}, "11-13": {"max_dim": 3, "1": {"cov_matrix": 191.98837017928838, "mean": 466.5064603152066}, "2": {"cov_matrix": [[38058.89769787777, -9513.780793246005], [-9513.780793246005, 36691.466351621006]], "mean": [466.31678034521155, 465.7685481625835]}, "3": {"cov_matrix": [[38769.11847067767, -8684.738689786462, -4108.663573545889], [-8684.738689786462, 38190.501929481914, -10420.319308498612], [-4108.663573545889, -10420.319308498612, 35782.84456396631]], "mean": [463.02318059299193, 465.31491464510333, 469.6695417789757]}}, "13-15": {"max_dim": 3, "1": {"cov_matrix": 210.67249388794448, "mean": 454.6027654215124}, "2": {"cov_matrix": [[46420.6272070546, -9246.290480670094], [-9246.290480670094, 43883.76650256313]], "mean": [454.3614059844136, 455.0626663673391]}, "3": {"cov_matrix": [[48611.00300379318, -8550.779639531878, -2460.9641225395603], [-8550.779639531878, 46291.46424772698, -10833.776257329944], [-2460.9641225395603, -10833.776257329944, 42372.01024284958]], "mean": [451.5786658150026, 454.8596351151743, 454.12323845263285]}}, "15-17": {"max_dim": 3, "1": {"cov_matrix": 209.55502402031718, "mean": 453.91065989847715}, "2": {"cov_matrix": [[46118.6666785896, -12464.88412970364], [-12464.88412970364, 42957.594023650265]], "mean": [455.0973832394833, 457.88286307928576]}, "3": {"cov_matrix": [[47585.04472467064, -12128.483027692648, -2963.5333835762176], [-12128.483027692648, 45426.53589951292, -13611.839497578403], [-2963.5333835762176, -13611.839497578403, 41362.941473217616]], "mean": [450.88228546053364, 460.2463457055101, 460.5630018872812]}}, "17-19": {"max_dim": 3, "1": {"cov_matrix": 210.1647078575203, "mean": 460.11838868388685}, "2": {"cov_matrix": [[46553.03971324463, -9363.27963620696], [-9363.27963620696, 43261.84580659796]], "mean": [453.7543052407213, 468.73617078864567]}, "3": {"cov_matrix": [[49227.0949449789, -9644.943713669032, -3401.7341452383], [-9644.943713669032, 46159.25494238458, -11184.776388583843], [-3401.7341452383, -11184.776388583843, 40929.489976584824]], "mean": [445.0807397576951, 463.0245301596815, 474.64377755897084]}}, "19-21": {"max_dim": 3, "1": {"cov_matrix": 203.90497906229854, "mean": 579.6777166108186}, "2": {"cov_matrix": [[44002.47728566838, -10308.578888511454], [-10308.578888511454, 39625.649409272584]], "mean": [576.2598371777476, 589.9606512890095]}, "3": {"cov_matrix": [[45732.53724979432, -9577.262809786685, -1401.0674059514997], [-9577.262809786685, 42336.14696078133, -11531.80054575308], [-1401.0674059514997, -11531.80054575308, 36316.48543164816]], "mean": [567.6657874905802, 589.5237377543331, 589.9363225320271]}}, "21-23": {"max_dim": 3, "1": {"cov_matrix": 240.46910151266752, "mean": 619.9190608588199}, "2": {"cov_matrix": [[63734.88040115824, -17280.931418098986], [-17280.931418098986, 53569.68085534944]], "mean": [612.5890985324947, 641.5551362683439]}, "3": {"cov_matrix": [[63409.80720165625, -16881.480139827378, -5947.1627984803], [-16881.480139827378, 61125.910024043325, -20003.75561499573], [-5947.1627984803, -20003.75561499573, 47157.58454388562]], "mean": [590.8742709008425, 641.0638366817888, 650.396305897602]}}}}, "25": {"LA": {"5-7": {"max_dim": 3, "1": {"cov_matrix": 220.52110009510417, "mean": 503.12645590682195}, "2": {"cov_matrix": [[49923.63273785893, -15591.548323408762], [-15591.548323408762, 40068.06501839354]], "mean": [507.64363636363635, 491.1032727272727]}, "3": {"cov_matrix": [[51845.22420569859, -18211.06190894663, 2793.7824858016015], [-18211.06190894663, 38760.26355897746, -14868.514791909862], [2793.7824858016015, -14868.514791909862, 33578.64928975224]], "mean": [500.46917450365726, 494.9937304075235, 477.47648902821317]}}, "7-9": {"max_dim": 3, "1": {"cov_matrix": 196.1721162449044, "mean": 463.4479682854311}, "2": {"cov_matrix": [[39481.76417762401, -15828.859459313964], [-15828.859459313964, 34929.82894188486]], "mean": [466.31694848604013, 463.11010617381044]}, "3": {"cov_matrix": [[41610.991465565596, -16066.24154285318, 9232.77025889798], [-16066.24154285318, 35327.64890917165, -16611.114440572583], [9232.77025889798, -16611.114440572583, 33021.17191726478]], "mean": [464.8596406022341, 466.574065080136, 456.9902865468674]}}, "9-11": {"max_dim": 3, "1": {"cov_matrix": 272.403768503122, "mean": 517.1174075330845}, "2": {"cov_matrix": [[76415.45856268359, -29657.44781848875], [-29657.44781848875, 68195.2813589558]], "mean": [515.0345388053637, 523.8427468508736]}, "3": {"cov_matrix": [[78930.50295615148, -29169.624694445523, 1250.830027060649], [-29169.624694445523, 69500.44687930436, -33422.612781090895], [1250.830027060649, -33422.612781090895, 66661.76238851913]], "mean": [518.9215189873418, 522.9022784810127, 530.6288607594937]}}, "11-13": {"max_dim": 3, "1": {"cov_matrix": 212.24136090615244, "mean": 491.1654470251352}, "2": {"cov_matrix": [[48099.67200865749, -16665.670227993887], [-16665.670227993887, 41624.453418495505]], "mean": [496.4336715520481, 487.93310785419015]}, "3": {"cov_matrix": [[50124.503798981954, -16618.30146056393, 6818.522744209742], [-16618.30146056393, 44618.89244624458, -20151.55491114096], [6818.522744209742, -20151.55491114096, 39004.030262808876]], "mean": [500.9899082568807, 493.68715596330276, 484.54816513761466]}}, "13-15": {"max_dim": 3, "1": {"cov_matrix": 209.94963019490248, "mean": 511.3709531013616}, "2": {"cov_matrix": [[44047.470824210905, -5931.742239759345], [-5931.742239759345, 42096.17519611658]], "mean": [509.93511586452763, 506.95472370766487]}, "3": {"cov_matrix": [[46692.30089065135, -3514.7324552979635, -5904.654218448721], [-3514.7324552979635, 41603.23852509639, -8368.477688524343], [-5904.654218448721, -8368.477688524343, 39289.19672963363]], "mean": [505.73839479392626, 504.24945770065074, 507.3245119305857]}}, "15-17": {"max_dim": 3, "1": {"cov_matrix": 194.7727581324458, "mean": 478.1182364729459}, "2": {"cov_matrix": [[39910.98156606216, -15598.731076512959], [-15598.731076512959, 37743.878939279086]], "mean": [476.4880319148936, 475.61535904255317]}, "3": {"cov_matrix": [[41678.22615380215, -15683.470037903468, 519.6499019488583], [-15683.470037903468, 40047.47712103367, -14489.369585067185], [519.6499019488583, -14489.369585067185, 34232.20696287258]], "mean": [480.90527150217997, 473.1906460562822, 474.99603646452636]}}, "17-19": {"max_dim": 3, "1": {"cov_matrix": 219.6752585133604, "mean": 492.80971288943186}, "2": {"cov_matrix": [[48555.68638821086, -12434.765643004945], [-12434.765643004945, 46704.83362231591]], "mean": [488.13505747126436, 499.4967672413793]}, "3": {"cov_matrix": [[50805.91753834782, -12888.795372064098, -2450.897098595439], [-12888.795372064098, 46810.20251468497, -12265.062689942584], [-2450.897098595439, -12265.062689942584, 45578.17509793461]], "mean": [484.9529206625981, 495.25196163905844, 503.49956408020927]}}, "19-21": {"max_dim": 3, "1": {"cov_matrix": 249.77127521269253, "mean": 552.9147157190636}, "2": {"cov_matrix": [[66147.86904255058, -13747.573663359823], [-13747.573663359823, 57228.545003986284]], "mean": [550.0518053375196, 553.1585557299843]}, "3": {"cov_matrix": [[71826.90633292244, -14407.325260838763, -884.2026884590377], [-14407.325260838763, 60304.995919753885, -9318.817039201034], [-884.2026884590377, -9318.817039201034, 51308.53863713569]], "mean": [551.0487465181059, 549.6392757660167, 533.9122562674095]}}, "21-23": {"max_dim": 0}}, "SA": {"5-7": {"max_dim": 0}, "7-9": {"max_dim": 0}, "9-11": {"max_dim": 0}, "11-13": {"max_dim": 0}, "13-15": {"max_dim": 0}, "15-17": {"max_dim": 0}, "17-19": {"max_dim": 0}, "19-21": {"max_dim": 0}, "21-23": {"max_dim": 0}}, "FE": {"5-7": {"max_dim": 0}, "7-9": {"max_dim": 0}, "9-11": {"max_dim": 0}, "11-13": {"max_dim": 0}, "13-15": {"max_dim": 0}, "15-17": {"max_dim": 0}, "17-19": {"max_dim": 0}, "19-21": {"max_dim": 0}, "21-23": {"max_dim": 0}}}}