{"18": {"LA": {"5-7": {"max_dim": 8, "1": {"cov_matrix": 285.60963683322433, "mean": 521.4388370579302}, "2": {"cov_matrix": [[91405.57202053667, 844.3223446039134], [844.3223446039134, 70078.13071005634]], "mean": [516.6603750308414, 460.5019121638293]}, "3": {"cov_matrix": [[97776.51741828903, -4872.578387247626, 26272.329490304186], [-4872.578387247626, 79619.12859790826, -2635.6092257205823], [26272.329490304186, -2635.6092257205823, 53218.9857235652]], "mean": [486.2707018550392, 439.34270414993307, 391.0612927902084]}, "4": {"cov_matrix": [[92598.11194377871, -14797.966114286337, 23292.427208036574, 6551.008118379608], [-14797.966114286337, 81856.63194244733, -16005.709381082544, 20595.139976790288], [23292.427208036574, -16005.709381082544, 55084.17840860421, -10363.474728738685], [6551.008118379608, 20595.139976790288, -10363.474728738685, 38719.383213268105]], "mean": [425.7962085308057, 385.03072397450563, 346.46805033502204, 319.86501062265074]}, "5": {"cov_matrix": [[80724.57844130113, -25716.09863004799, 17737.567216481475, -1729.7170561967455, 2568.375064093588], [-25716.09863004799, 79001.93266401753, -29648.567362981117, 19736.5957743581, -9307.04718762075], [17737.567216481475, -29648.567362981117, 59191.567532643916, -22223.255533030777, 10141.315868993232], [-1729.7170561967455, 19736.5957743581, -22223.255533030777, 41214.96681527706, -13024.856044485954], [2568.375064093588, -9307.04718762075, 10141.315868993232, -13024.856044485954, 23857.265316393325]], "mean": [365.0523718124486, 334.4167809158212, 303.8530298875788, 287.53605703317794, 260.510556621881]}, "6": {"cov_matrix": [[78879.81403548399, -34039.649627830964, 13334.203312286701, -5714.779500174712, 1680.9999297661125, 4377.135419056324], [-34039.649627830964, 78145.85875506021, -39337.21454106212, 19916.51905950116, -13719.064917289894, 3318.3174298278745], [13334.203312286701, -39337.21454106212, 64914.63731007732, -32887.40887523425, 13011.359626983927, -10475.207510085093], [-5714.779500174712, 19916.51905950116, -32887.40887523425, 46220.94476051656, -19209.110427085572, 5925.478651721084], [1680.9999297661125, -13719.064917289894, 13011.359626983927, -19209.110427085572, 25990.559335989754, -9825.046224310812], [4377.135419056324, 3318.3174298278745, -10475.207510085093, 5925.478651721084, -9825.046224310812, 19047.706775276256]], "mean": [337.8038639227215, 310.88198236035277, 286.57790844183114, 267.6098278034439, 253.49643007139858, 252.88072238555228]}, "7": {"cov_matrix": [[78244.26766150625, -39207.310455747414, 12793.191764019419, -7460.8073723240905, 551.1747011136041, 5466.262769246049, -7446.798420837006], [-39207.310455747414, 88297.10438946067, -51214.71015737834, 21510.262497361855, -17948.56960980273, 5001.128649228007, 4670.801832838811], [12793.191764019419, -51214.71015737834, 74995.4401850633, -41558.53300765167, 19116.013490753034, -14109.460935579584, 3353.7280558004027], [-7460.8073723240905, 21510.262497361855, -41558.53300765167, 52992.2307150513, -25450.905690945885, 8862.862632683213, -7384.248740932022], [551.1747011136041, -17948.56960980273, 19116.013490753034, -25450.905690945885, 30413.565088745152, -12221.008651048845, 1772.9771650382581], [5466.262769246049, 5001.128649228007, -14109.460935579584, 8862.862632683213, -12221.008651048845, 20248.903816724393, -6227.998419181698], [-7446.798420837006, 4670.801832838811, 3353.7280558004027, -7384.248740932022, 1772.9771650382581, -6227.998419181698, 16750.247584286168]], "mean": [321.9016077170418, 299.2192926045016, 291.35948553054664, 261.98263665594857, 250.2057877813505, 251.98263665594854, 253.4983922829582]}, "8": {"cov_matrix": [[69875.50693234372, -32742.83439959025, 6922.463000718094, -5400.406176088059, 317.7165798763671, 6085.702651163259, -4802.867181968373, 945.9082098433743], [-32742.83439959025, 94992.51337256895, -61456.135439316284, 29543.791825056865, -25163.449100879283, 7723.173956382226, 4937.863759735662, -3533.131051677474], [6922.463000718094, -61456.135439316284, 92158.50505174776, -55164.19218987741, 25873.022219404535, -20236.190099628897, 5568.137479348596, 1909.5987752273563], [-5400.406176088059, 29543.791825056865, -55164.19218987741, 65878.894764461, -32515.25289998444, 13026.99850230241, -11032.956160018883, 1901.1131056699087], [317.7165798763671, -25163.449100879283, 25873.022219404535, -32515.25289998444, 35392.820429448766, -15101.147556480651, 3723.381637951379, -2683.9776412455612], [6085.702651163259, 7723.173956382226, -20236.190099628897, 13026.99850230241, -15101.147556480651, 22983.814102210014, -7230.303575643144, -1032.7303529193166], [-4802.867181968373, 4937.863759735662, 5568.137479348596, -11032.956160018883, 3723.381637951379, -7230.303575643144, 15782.619896152943, -2870.6918810479106], [945.9082098433743, -3533.131051677474, 1909.5987752273563, 1901.1131056699087, -2683.9776412455612, -1032.7303529193166, -2870.6918810479106, 12193.038181872964]], "mean": [311.969764837626, 281.69316909294514, 294.555431131019, 272.0996640537514, 252.37737961926092, 249.8801791713326, 249.68421052631578, 248.96752519596865]}}, "7-9": {"max_dim": 11, "1": {"cov_matrix": 230.44321354461408, "mean": 296.47730958767386}, "2": {"cov_matrix": [[56874.47879278802, -13864.973128609361], [-13864.973128609361, 47563.53644239746]], "mean": [301.1709690375347, 287.04859792609903]}, "3": {"cov_matrix": [[60438.73361147901, -15288.799329727859, 1288.2068190039147], [-15288.799329727859, 51082.22703796983, -14090.075618819457], [1288.2068190039147, -14090.075618819457, 40785.42837717396]], "mean": [305.2556844445423, 290.7484977218199, 272.7346085272171]}, "4": {"cov_matrix": [[64002.11380733546, -15987.361951389004, 1385.6664680869785, -2032.6379769667833], [-15987.361951389004, 54140.244766362164, -15856.098719173517, 631.4412113814424], [1385.6664680869785, -15856.098719173517, 43739.85543468702, -12415.392714347845], [-2032.6379769667833, 631.4412113814424, -12415.392714347845, 35371.41648143449]], "mean": [311.4795392878897, 293.2116396256714, 273.94158037543605, 264.93665208483304]}, "5": {"cov_matrix": [[65328.02563935141, -17275.889792865815, 2068.4632079141224, -2146.004910670665, -1784.2330216003738], [-17275.889792865815, 57230.58283477978, -16817.63304524361, 879.336656933657, -1439.812159939811], [2068.4632079141224, -16817.63304524361, 46363.500984551836, -14498.492425297354, -288.2342467554878], [-2146.004910670665, 879.336656933657, -14498.492425297354, 38208.94317554788, -10847.17949236758], [-1784.2330216003738, -1439.812159939811, -288.2342467554878, -10847.17949236758, 29408.092629354203]], "mean": [316.76282643223874, 298.86817124071956, 273.06057695859346, 265.15605954271786, 255.2911757101171]}, "6": {"cov_matrix": [[64794.70001210606, -15877.942531045781, 1676.6333529654955, -2787.3224668521075, -3068.1358613039456, 598.164570162025], [-15877.942531045781, 58629.53417509023, -19114.5415689542, 1573.2421886699226, -1303.9647982124825, -1346.2602359636046], [1676.6333529654955, -19114.5415689542, 48858.30223202802, -15177.812174892288, -184.49731415518073, -1195.1886071330314], [-2787.3224668521075, 1573.2421886699226, -15177.812174892288, 40211.52985445019, -13000.171918954975, -565.3173234415696], [-3068.1358613039456, -1303.9647982124825, -184.49731415518073, -13000.171918954975, 32187.978534589198, -8499.441837315486], [598.164570162025, -1346.2602359636046, -1195.1886071330314, -565.3173234415696, -8499.441837315486, 24332.955329410914]], "mean": [318.0030548260893, 304.3814781070797, 275.278953856048, 262.01028994051126, 254.331582614288, 247.39385819175732]}, "7": {"cov_matrix": [[60736.38287966838, -16708.830485148366, 2478.2365072893817, -2815.040414452175, -3776.0162879732356, 1403.9974360187582, 145.55593760388308], [-16708.830485148366, 57288.60451620362, -17500.367659151565, 653.6120730563188, -1613.0019055878429, -2461.916987268593, 1420.4312702704367], [2478.2365072893817, -17500.367659151565, 48071.079245739835, -16674.902859471724, 230.84776550331645, -1259.62410517017, -656.5199127279224], [-2815.040414452175, 653.6120730563188, -16674.902859471724, 42610.301543207104, -13508.018105807607, -196.19857302844895, -1558.4105047432938], [-3776.0162879732356, -1613.0019055878429, 230.84776550331645, -13508.018105807607, 33756.53782172123, -10505.901596633104, 1109.7413861890736], [1403.9974360187582, -2461.916987268593, -1259.62410517017, -196.19857302844895, -10505.901596633104, 26743.030257816736, -8398.493122457468], [145.55593760388308, 1420.4312702704367, -656.5199127279224, -1558.4105047432938, 1109.7413861890736, -8398.493122457468, 21354.746788702116]], "mean": [308.69903903393146, 303.1642146441024, 276.5975848286419, 265.40768772854835, 249.07840802789352, 245.59758482864189, 245.8685262352241]}, "8": {"cov_matrix": [[55916.64911709813, -17981.35289145359, -595.3073935313428, -827.2397141553541, -4022.493110694489, 2000.448110120319, -1741.13580390276, 1113.2343086653025], [-17981.35289145359, 54916.055477839596, -18368.77229330947, 261.8845672261194, -931.8147007426959, -3195.204549822931, 2136.117199191617, 142.63222720109363], [-595.3073935313428, -18368.77229330947, 45859.888268321105, -14047.615798461964, -1716.4223841634653, -596.3061321991573, -941.8373489425767, 34.97966577767619], [-827.2397141553541, 261.8845672261194, -14047.615798461964, 40880.42418048718, -13576.751963631394, 220.69890404111453, -1712.6934380636158, 321.52898564697364], [-4022.493110694489, -931.8147007426959, -1716.4223841634653, -13576.751963631394, 37161.58083423963, -13084.064970213774, 2708.5335802981635, -2928.4963400078323], [2000.448110120319, -3195.204549822931, -596.3061321991573, 220.69890404111453, -13084.064970213774, 31360.046473213275, -11282.45489982112, 1731.7312780905866], [-1741.13580390276, 2136.117199191617, -941.8373489425767, -1712.6934380636158, 2708.5335802981635, -11282.45489982112, 23954.094479982952, -7650.059363242178], [1113.2343086653025, 142.63222720109363, 34.97966577767619, 321.52898564697364, -2928.4963400078323, 1731.7312780905866, -7650.059363242178, 18108.03817978016]], "mean": [297.1017167381974, 290.57153075822606, 277.78111587982835, 268.2635193133047, 248.52088698140201, 242.0381974248927, 248.6527896995708, 236.50972818311874]}, "9": {"cov_matrix": [[51755.683663937394, -18990.954733414063, -1419.946486255556, 1408.5646626430366, -5611.173888132501, 4071.306917483109, -4900.569433744514, 1341.8968355395903, -671.763871275504], [-18990.954733414063, 55480.38703831209, -17822.975188525776, -1654.1466321612568, 563.7751320628776, -3354.4091187448357, 1858.0670109429961, -1159.5191950666328, 1059.3430920137887], [-1419.946486255556, -17822.975188525776, 48112.983992399204, -15155.400113608053, -1702.7644966246419, -596.0488853693956, -976.1946454121644, -108.87966258982098, 957.1482354456567], [1408.5646626430366, -1654.1466321612568, -15155.400113608053, 39905.5042441326, -10773.100440446105, -1862.825172274615, -1522.9401430484463, 1052.4045499983206, -1886.8141122730253], [-5611.173888132501, 563.7751320628776, -1702.7644966246419, -10773.100440446105, 33701.1611463197, -11199.9728291734, 4728.593243745894, -4536.107451165322, 1264.3684630683767], [4071.306917483109, -3354.4091187448357, -596.0488853693956, -1862.825172274615, -11199.9728291734, 32978.164714207414, -13828.64533329622, 2915.299602344535, -2878.3847280133778], [-4900.569433744514, 1858.0670109429961, -976.1946454121644, -1522.9401430484463, 4728.593243745894, -13828.64533329622, 27166.618922494643, -9924.054450198986, 1443.754324501489], [1341.8968355395903, -1159.5191950666328, -108.87966258982098, 1052.4045499983206, -4536.107451165322, 2915.299602344535, -9924.054450198986, 20515.54250668536, -7311.263907639359], [-671.763871275504, 1059.3430920137887, 957.1482354456567, -1886.8141122730253, 1264.3684630683767, -2878.3847280133778, 1443.754324501489, -7311.263907639359, 15581.13895277011]], "mean": [280.0276834682685, 281.4690519717942, 275.58631496474277, 273.617654740141, 245.52494123792113, 237.8218856098198, 246.4980412640376, 236.00861843823452, 227.34055889266128]}, "10": {"cov_matrix": [[50932.22502627214, -17941.97960846036, -492.9455729951884, 12.046892088544876, -2799.726589491272, 3641.410978966406, -7237.5611735839075, 2266.734292080128, -2975.7156283271433, 2560.0185405860825], [-17941.97960846036, 53317.36696698231, -18923.194778620433, -3077.556001609105, 6824.4856601987385, -6690.07637417345, 5252.154542374592, -3335.8536649570497, 1917.4631344561637, -1774.3282387547224], [-492.9455729951884, -18923.194778620433, 50997.62650620699, -14213.943398081627, -2029.8638598643568, 165.72949581611906, 734.6151555318502, -2551.6797946942256, 796.942118111882, 1015.5771563005229], [12.046892088544876, -3077.556001609105, -14213.943398081627, 45685.34767842466, -15089.073747647924, 418.2446822604483, -3643.365056342822, 1499.4361622849904, -3320.289907973276, 51.02765459171079], [-2799.726589491272, 6824.4856601987385, -2029.8638598643568, -15089.073747647924, 31364.73604056709, -7755.738960692161, 4398.764064314513, -4842.5124119115135, 3709.774425859392, -1524.2127182072418], [3641.410978966406, -6690.07637417345, 165.72949581611906, 418.2446822604483, -7755.738960692161, 24081.74340160069, -9395.439597847995, 4764.743013469698, -4843.884285559528, 518.7631262450385], [-7237.5611735839075, 5252.154542374592, 734.6151555318502, -3643.365056342822, 4398.764064314513, -9395.439597847995, 22805.970395093194, -10572.82184201102, 2479.987603958728, -2292.834820766284], [2266.734292080128, -3335.8536649570497, -2551.6797946942256, 1499.4361622849904, -4842.5124119115135, 4764.743013469698, -10572.82184201102, 21597.050793063732, -9452.56709525528, 958.3003937200748], [-2975.7156283271433, 1917.4631344561637, 796.942118111882, -3320.289907973276, 3709.774425859392, -4843.884285559528, 2479.987603958728, -9452.56709525528, 17445.30584928926, -4296.466481007802], [2560.0185405860825, -1774.3282387547224, 1015.5771563005229, 51.02765459171079, -1524.2127182072418, 518.7631262450385, -2292.834820766284, 958.3003937200748, -4296.466481007802, 9817.409348126239]], "mean": [262.540223135643, 264.4568408690546, 261.22431004110393, 264.49911920140926, 249.9876688197299, 224.29947152084557, 250.78273634762184, 229.5654726952437, 225.0510863182619, 218.37874339401057]}, "11": {"cov_matrix": [[50802.581540803505, -13120.59987424714, -10453.57786749619, 5242.8973459527415, -3368.2962472698396, 2467.12605069826, -8089.117612019331, 6303.013899000596, -3897.30773049176, 3433.6612284069092, -3338.20494407307], [-13120.59987424714, 52089.434395246404, -11847.704252800022, -1168.0319235775585, 4558.6109603547575, -3985.0847508107754, 5980.650252608822, -5495.864929659293, 2354.7996595112536, -3220.723075282576, 970.8732212588525], [-10453.57786749619, -11847.704252800022, 44247.12721630227, -15572.033776777635, -2306.2214574094937, 5224.880402409161, -1735.0245107772403, 2326.0291511314113, -926.9671130525592, -235.0298571123916, 1504.675425243232], [5242.8973459527415, -1168.0319235775585, -15572.033776777635, 42668.71109934477, -11160.815077106367, -757.9485075120795, -5291.049374544963, 6719.259293577794, -10527.858936174904, -184.49200255918169, 2227.5629095241247], [-3368.2962472698396, 4558.6109603547575, -2306.2214574094937, -11160.815077106367, 23197.64127341319, -4518.120060890861, 6503.847375736321, -8305.011847243362, 5715.135217420081, -16.790786948176528, -1373.4443709047596], [2467.12605069826, -3985.0847508107754, 5224.880402409161, -757.9485075120795, -4518.120060890861, 13818.631047719904, -4846.282613012114, 3479.7650407042156, -2582.1559004566807, 169.57293666026857, 576.9179628036266], [-8089.117612019331, 5980.650252608822, -1735.0245107772403, -5291.049374544963, 6503.847375736321, -4846.282613012114, 16076.118207690779, -9408.98426986123, 3835.5727932578843, -2556.67626359565, 311.31014627043487], [6303.013899000596, -5495.864929659293, 2326.0291511314113, 6719.259293577794, -8305.011847243362, 3479.7650407042156, -9408.98426986123, 20909.553761187228, -11484.166287937285, 396.7404563872897, -1731.2209941094711], [-3897.30773049176, 2354.7996595112536, -926.9671130525592, -10527.858936174904, 5715.135217420081, -2582.1559004566807, 3835.5727932578843, -11484.166287937285, 15189.313496003124, -2638.602580507571, 303.5839896750275], [3433.6612284069092, -3220.723075282576, -235.0298571123916, -184.49200255918169, -16.790786948176528, 169.57293666026857, -2556.67626359565, 396.7404563872897, -2638.602580507571, 9247.186287054807, -4604.35028790787], [-3338.20494407307, 970.8732212588525, 1504.675425243232, 2227.5629095241247, -1373.4443709047596, 576.9179628036266, 311.31014627043487, -1731.2209941094711, 303.5839896750275, -4604.35028790787, 9183.524157786751]], "mean": [226.32758620689654, 221.59961685823754, 243.4214559386973, 225.83908045977012, 222.55172413793105, 222.22413793103448, 233.90804597701148, 247.8582375478927, 212.11302681992336, 218.38888888888889, 217.74137931034483]}}, "9-11": {"max_dim": 13, "1": {"cov_matrix": 292.8576115425382, "mean": 289.8097666620092}, "2": {"cov_matrix": [[90376.03312139407, -30977.580716122375], [-30977.580716122375, 86704.88332797479]], "mean": [289.9685896093014, 291.7877474599351]}, "3": {"cov_matrix": [[95470.57462242515, -33565.93437669981, -2095.0925759559063], [-33565.93437669981, 92101.63882360011, -32126.784901547726], [-2095.0925759559063, -32126.784901547726, 87337.71776972893]], "mean": [287.1181827698105, 292.2415247267126, 293.1369801558224]}, "4": {"cov_matrix": [[94803.2749126095, -34440.60722352906, -2286.086913596291, -385.2616874420073], [-34440.60722352906, 98330.7005817216, -35331.34154643247, -2593.250966763994], [-2286.086913596291, -35331.34154643247, 93744.03822826534, -32310.291876081454], [-385.2616874420073, -2593.250966763994, -32310.291876081454, 87915.13644190166]], "mean": [283.3651717706935, 289.2981541840239, 293.8611716312551, 293.1721890087672]}, "5": {"cov_matrix": [[89768.3391034737, -31950.368904969964, -3156.8338433049485, -746.0398562321334, -2132.4155284648264], [-31950.368904969964, 98107.63873681721, -36702.230393782345, -2930.958659151482, 454.77740553779086], [-3156.8338433049485, -36702.230393782345, 101552.89379991406, -36208.492623435675, -2003.7826974093255], [-746.0398562321334, -2930.958659151482, -36208.492623435675, 95775.61830775073, -33356.75624768334], [-2132.4155284648264, 454.77740553779086, -2003.7826974093255, -33356.75624768334, 84020.72377680455]], "mean": [279.4341088509252, 285.25688150035506, 290.7078442838645, 293.9781755148072, 291.2383776784595]}, "6": {"cov_matrix": [[84229.75858701674, -28817.372490087102, -2994.279099029765, -700.9564226040482, -2388.2330838112252, 3409.9581828091414], [-28817.372490087102, 92689.67066024657, -34164.15162962772, -4196.3815401269, 222.58937915825868, -1343.0657519749498], [-2994.279099029765, -34164.15162962772, 102092.75211194418, -38093.720246687546, -2304.802785271358, 325.499445299301], [-700.9564226040482, -4196.3815401269, -38093.720246687546, 105988.62036847131, -38482.64901422081, -1731.9572557976999], [-2388.2330838112252, 222.58937915825868, -2304.802785271358, -38482.64901422081, 92926.42096450456, -31722.85771820157], [3409.9581828091414, -1343.0657519749498, 325.499445299301, -1731.9572557976999, -31722.85771820157, 81115.04218080816]], "mean": [273.3380024994793, 280.84141324724015, 286.06704332430746, 290.0724328264945, 291.74934909393875, 287.65468131639244]}, "7": {"cov_matrix": [[79027.15346546276, -27276.369942095487, -1210.0027414310232, -1554.6146820944439, -2671.3692353528972, 3820.343352092368, -858.6063649952813], [-27276.369942095487, 86193.13565706485, -30646.697447577484, -4291.142324239607, 550.7216764384157, -1472.7496124568572, 3357.714852916012], [-1210.0027414310232, -30646.697447577484, 96162.39073895119, -35155.88879849079, -3818.1664141886226, -62.715231559364135, -1970.330155279231], [-1554.6146820944439, -4291.142324239607, -35155.88879849079, 108076.33549097691, -41688.31452040676, -2093.5594035966305, 1185.9301886298801], [-2671.3692353528972, 550.7216764384157, -3818.1664141886226, -41688.31452040676, 105545.93488540563, -38070.45743019102, -1339.4221086702776], [3820.343352092368, -1472.7496124568572, -62.715231559364135, -2093.5594035966305, -38070.45743019102, 92025.8588572695, -29845.38825330462], [-858.6063649952813, 3357.714852916012, -1970.330155279231, 1185.9301886298801, -1339.4221086702776, -29845.38825330462, 71390.33806257296]], "mean": [263.59520033101165, 273.28239431763325, 280.69177987724987, 283.85635473415624, 285.757223639749, 287.28846286463005, 287.0862699124198]}, "8": {"cov_matrix": [[72436.3089581504, -26273.35135651274, -937.5188851543727, -3494.343694992584, -1958.341814326803, 3200.5830346545717, -1530.1340041338262, -1211.4608743225515], [-26273.35135651274, 79329.95052430531, -28982.054598896648, -2139.0343281542496, -704.0875721737685, -1422.2968148631287, 4100.50800144762, -1774.8767215738853], [-937.5188851543727, -28982.054598896648, 89216.12071981131, -30855.506373734588, -3967.9001461054286, -29.36294329541742, -2242.3561003889204, 4008.681581258551], [-3494.343694992584, -2139.0343281542496, -30855.506373734588, 102281.14482302299, -38385.50192314978, -4256.335164363022, 806.0225421616416, -2686.5334082163026], [-1958.341814326803, -704.0875721737685, -3967.9001461054286, -38385.50192314978, 108816.94868797396, -42729.160801605634, -1604.6931325605801, 347.1619512223974], [3200.5830346545717, -1422.2968148631287, -29.36294329541742, -4256.335164363022, -42729.160801605634, 109677.27112825516, -38372.6540237638, 380.4667110676424], [-1530.1340041338262, 4100.50800144762, -2242.3561003889204, 806.0225421616416, -1604.6931325605801, -38372.6540237638, 83999.1126323419, -25757.743078044834], [-1211.4608743225515, -1774.8767215738853, 4008.681581258551, -2686.5334082163026, 347.1619512223974, 380.4667110676424, -25757.743078044834, 59816.53286868561]], "mean": [244.73479941758296, 260.5941657880203, 270.76427172766984, 277.2179043028569, 275.1954611638299, 277.15348697092935, 286.2474770296731, 277.46482904051817]}, "9": {"cov_matrix": [[57219.69565147764, -18133.481941479393, -1676.9174660275023, -6850.826266255436, -317.64100348886814, 964.837593444237, -3263.075673359844, -1939.2815329408802, -899.8559482961313], [-18133.481941479393, 69066.19180090084, -27192.42227087053, -2021.5632106686912, -3373.260011912, 492.31323883523464, 3503.4076265817644, -3315.7955684043213, -201.76924625357972], [-1676.9174660275023, -27192.42227087053, 81398.76759375494, -28231.355625210515, -878.4601315192036, -2922.8445279578946, -2362.0112101800646, 5890.582519490278, -2657.3953508320396], [-6850.826266255436, -2021.5632106686912, -28231.355625210515, 95076.04697955615, -33060.564610600464, -4982.114927479433, 1482.2970467279408, -4361.58308914088, 4702.26694447681], [-317.64100348886814, -3373.260011912, -878.4601315192036, -33060.564610600464, 99481.17810945904, -36773.935098879476, -4812.392212299087, -53.352830988708526, -2916.6721880655437], [964.837593444237, 492.31323883523464, -2922.8445279578946, -4982.114927479433, -36773.935098879476, 114547.3580663725, -45637.67608301399, 796.5306216552672, -2301.84048532042], [-3263.075673359844, 3503.4076265817644, -2362.0112101800646, 1482.2970467279408, -4812.392212299087, -45637.67608301399, 105629.51249642886, -36496.41017725367, 1451.712260681436], [-1939.2815329408802, -3315.7955684043213, 5890.582519490278, -4361.58308914088, -53.352830988708526, 796.5306216552672, -36496.41017725367, 73922.75886984995, -16597.362459506618], [-899.8559482961313, -201.76924625357972, -2657.3953508320396, 4702.26694447681, -2916.6721880655437, -2301.84048532042, 1451.712260681436, -16597.362459506618, 50742.21373788944]], "mean": [220.3307285102092, 236.40526006217965, 256.080245357533, 263.23972775397027, 266.15242416603644, 257.0009242920763, 272.6716242332577, 272.6911183934123, 257.88866481808253]}, "10": {"cov_matrix": [[52969.56296952826, -14527.718739234097, -3835.3032700898916, -5981.903714980268, 2155.537407582377, 1396.008779487801, -6555.895828307037, -2453.5448067229795, -1517.3187947581084, -142.85351214665846], [-14527.718739234097, 56543.18251759265, -18848.677150399777, -2503.298064412668, -3892.3735605291226, -1292.2981789760943, 1741.2329162531246, -5076.951105977668, -1662.0244253890664, -291.0535233188818], [-3835.3032700898916, -18848.677150399777, 74214.25536890242, -28439.587317554502, -1339.218531994209, -4147.806872601524, -1967.5068845201656, 6275.548842134107, -4706.969640813088, -1434.2063560548356], [-5981.903714980268, -2503.298064412668, -28439.587317554502, 88831.9235792137, -33618.871708926075, -755.3842773138011, -1211.6985764808358, -4956.825953142166, 8099.081539878805, -2442.6862618277455], [2155.537407582377, -3892.3735605291226, -1339.218531994209, -33618.871708926075, 90665.36374041153, -27418.53689664589, -7008.485027417691, -167.7399852353337, -5737.873883560415, 2975.729693476627], [1396.008779487801, -1292.2981789760943, -4147.806872601524, -755.3842773138011, -27418.53689664589, 98317.1723443702, -33441.91240015429, -4001.951408566682, -4765.783502216872, -2992.2510506944327], [-6555.895828307037, 1741.2329162531246, -1967.5068845201656, -1211.6985764808358, -7008.485027417691, -33441.91240015429, 99724.89819794957, -43492.03030139957, 3327.9425144672987, -1900.8322512651796], [-2453.5448067229795, -5076.951105977668, 6275.548842134107, -4956.825953142166, -167.7399852353337, -4001.951408566682, -43492.03030139957, 94237.1567210783, -25601.544669742874, 431.2998450335916], [-1517.3187947581084, -1662.0244253890664, -4706.969640813088, 8099.081539878805, -5737.873883560415, -4765.783502216872, 3327.9425144672987, -25601.544669742874, 62802.78967932352, -16292.168357067074], [-142.85351214665846, -291.0535233188818, -1434.2063560548356, -2442.6862618277455, 2975.729693476627, -2992.2510506944327, -1900.8322512651796, 431.2998450335916, -16292.168357067074, 49043.839975652285]], "mean": [205.18060512024826, 215.521955003879, 228.244220325834, 247.2100853374709, 248.78603568657874, 244.67820015515903, 248.59425911559347, 255.60372381691232, 246.2854926299457, 234.27494181536073]}, "11": {"cov_matrix": [[53671.54755941379, -13085.682205348354, -3106.489225623287, -8267.681777510708, 3324.871170377272, 2185.1129522255096, -7971.977798732005, -1814.9848559530376, -1383.3614136043955, -1652.2063488158408, -1928.9603580257917], [-13085.682205348354, 49777.37954505709, -14804.982566580145, -1987.0984654078134, -2185.382542920919, -409.950366375097, 4460.90854989524, -6225.143617495484, -2480.5821844322304, -1500.4495429312074, -328.31820474487375], [-3106.489225623287, -14804.982566580145, 62227.76038314228, -19079.509157320128, -5214.974937680232, -4638.437024972485, -2155.55185724915, 3510.1561174526223, -5105.913571994338, -5053.4302651204725, 2605.970169660644], [-8267.681777510708, -1987.0984654078134, -19079.509157320128, 79193.76418670555, -34982.29546805833, 562.9566278403992, -2549.551657002957, -3393.0978172650616, 10502.316340037927, -4590.130262634544, -3433.0285142521093], [3324.871170377272, -2185.382542920919, -5214.974937680232, -34982.29546805833, 89083.5903484078, -30524.027014034375, -5117.299342685013, -2921.3306030359213, -4614.986683628156, 6491.6884779574875, 1671.8955935551005], [2185.1129522255096, -409.950366375097, -4638.437024972485, 562.9566278403992, -30524.027014034375, 94436.04057042734, -24854.27777850166, -9307.096968190346, -4302.016895086769, -4671.836602192422, -1991.6460651965915], [-7971.977798732005, 4460.90854989524, -2155.55185724915, -2549.551657002957, -5117.299342685013, -24854.27777850166, 73039.44002797961, -22312.32526016577, -1640.881333557353, -3233.4404373870566, 3499.9752085612095], [-1814.9848559530376, -6225.143617495484, 3510.1561174526223, -3393.0978172650616, -2921.3306030359213, -9307.096968190346, -22312.32526016577, 82038.1646139432, -35110.23890322347, 4166.617638723636, -2263.7296560668774], [-1383.3614136043955, -2480.5821844322304, -5105.913571994338, 10502.316340037927, -4614.986683628156, -4302.016895086769, -1640.881333557353, -35110.23890322347, 79858.14576062694, -25286.754434990282, -385.36751134099865], [-1652.2063488158408, -1500.4495429312074, -5053.4302651204725, -4590.130262634544, 6491.6884779574875, -4671.836602192422, -3233.4404373870566, 4166.617638723636, -25286.754434990282, 56064.27655705131, -13032.898131006954], [-1928.9603580257917, -328.31820474487375, 2605.970169660644, -3433.0285142521093, 1671.8955935551005, -1991.6460651965915, 3499.9752085612095, -2263.7296560668774, -385.36751134099865, -13032.898131006954, 43679.670775285376]], "mean": [196.25497658079624, 204.48419203747073, 212.30620608899298, 222.06001170960187, 232.5854800936768, 226.89812646370024, 253.71662763466043, 233.64900468384076, 232.96926229508196, 218.67242388758783, 219.90427400468383]}, "12": {"cov_matrix": [[48905.65407991277, -14646.234680320673, -1651.9106126596994, -6104.132310699416, -523.3742298376825, 2943.8088035749697, -8013.753486799242, -535.1777623155159, -5359.544119146766, 855.8955082717216, -550.650866476873, -988.1035027336342], [-14646.234680320673, 47772.22980510468, -11191.038371080142, -1443.4361069799727, -6479.428724752839, -1950.098874677774, 8136.974367935763, -8347.716251664257, -3115.788651879548, -1880.7896996543993, -766.5758732047209, -186.47232018922972], [-1651.9106126596994, -11191.038371080142, 48088.83333333334, -13925.789837398377, -4398.821225319397, 534.0718641115012, -1042.5519018583032, 6659.286977351917, -4199.5508855981425, -7750.595078397215, 2813.2054878048807, 354.39888211382186], [-6104.132310699416, -1443.4361069799727, -13925.789837398377, 59056.32444689954, -23598.678587717062, -4494.946021713261, -1946.7993041981836, 1955.9141139769413, 6152.874322257159, -2217.9150555225074, -9365.771287640577, 3040.790667403189], [-523.3742298376825, -6479.428724752839, -4398.821225319397, -23598.678587717062, 78294.0439038554, -30858.58157984194, -8541.05941262287, -3848.0391192884053, -591.2276691878417, 5719.380084487691, 6535.667677615364, -5046.432862029405], [2943.8088035749697, -1950.098874677774, 534.0718641115012, -4494.946021713261, -30858.58157984194, 87922.04916149682, -31155.105701679837, -7153.881305062178, -5762.190807625843, 2224.0222090025777, -2396.987919959778, 10731.508633962208], [-8013.753486799242, 8136.974367935763, -1042.5519018583032, -1946.7993041981836, -8541.05941262287, -31155.105701679837, 79691.10366136939, -22936.291581329144, -8176.8320196311715, -1648.5149574374666, 3827.687961389198, -3377.4084222118363], [-535.1777623155159, -8347.716251664257, 6659.286977351917, 1955.9141139769413, -3848.0391192884053, -7153.881305062178, -22936.291581329144, 60353.529006260425, -12213.907982068495, -2488.605410965695, -1828.8637846661552, -1096.2682062831057], [-5359.544119146766, -3115.788651879548, -4199.5508855981425, 6152.874322257159, -591.2276691878417, -5762.190807625843, -8176.8320196311715, -12213.907982068495, 69469.17594685704, -34919.042685405504, -721.5590744596484, 1908.660034772386], [855.8955082717216, -1880.7896996543993, -7750.595078397215, -2217.9150555225074, 5719.380084487691, 2224.0222090025777, -1648.5149574374666, -2488.605410965695, -34919.042685405504, 72045.74451573614, -21469.095906985636, -2528.9554690377036], [-550.650866476873, -766.5758732047209, 2813.2054878048807, -9365.771287640577, 6535.667677615364, -2396.987919959778, 3827.687961389198, -1828.8637846661552, -721.5590744596484, -21469.095906985636, 53086.485585394184, -18346.65852914932], [-988.1035027336342, -186.47232018922972, 354.39888211382186, 3040.790667403189, -5046.432862029405, 10731.508633962208, -3377.4084222118363, -1096.2682062831057, 1908.660034772386, -2528.9554690377036, -18346.65852914932, 54473.54172403049]], "mean": [171.4336704342653, 193.46400951814397, 205.46341463414635, 204.7328970850684, 203.5990481856038, 210.84116597263534, 240.86674598453303, 245.42474717430102, 213.4473527662106, 207.96371207614516, 197.68649613325402, 198.61986912552052]}, "13": {"cov_matrix": [[55934.51536317191, -12320.142235377522, 132.5729182259571, -9898.411426279654, -6633.872561507758, 4405.671067979811, -7340.322560236796, -3191.5079040052415, -7287.370679063775, -1522.4794089154113, 1153.317064008748, -4536.64308410133, -2367.5698396603993], [-12320.142235377522, 48411.0290500789, -12490.539394341655, 1420.4926001451715, -8253.898179974636, -5867.850592129606, 11876.119002092859, -12427.375102030446, -1514.7947867740315, -6073.9813294884225, 726.9777580699415, 988.1758708245185, 1885.8965206560465], [132.5729182259571, -12490.539394341655, 46437.514712154116, -12434.232308839439, -2241.2899796927645, -5161.512449832092, -3131.7120241992207, 12295.826383024394, -7170.139114446383, -9013.129049796504, 3111.008577617979, 2342.241088400018, -2107.16328824694], [-9898.411426279654, 1420.4926001451715, -12434.232308839439, 50681.337878218714, -19886.50371969802, -3129.0569605237533, 1266.9629583602868, 1934.487706920556, 9368.63630843273, -453.7144828150979, -11002.550424926774, 2163.967333312621, 1594.3355834164138], [-6633.872561507758, -8253.898179974636, -2241.2899796927645, -19886.50371969802, 59873.3981842112, -24933.080891428315, -7130.733873541562, -1495.0142546058407, 1479.5683653381748, 6943.508360141327, 7491.295821906399, -12857.48365677101, 3203.3903988295788], [4405.671067979811, -5867.850592129606, -5161.512449832092, -3129.0569605237533, -24933.080891428315, 80542.2409598911, -36566.26647950496, -8766.491389901736, 1350.0350815255003, -2122.853475813488, -2241.3273955617765, 22036.167736632924, -11578.036259288654], [-7340.322560236796, 11876.119002092859, -3131.7120241992207, 1266.9629583602868, -7130.733873541562, -36566.26647950496, 85109.54058199008, -26186.434430790174, -9760.98437274933, -1882.1865949652752, 4268.722251250491, -6503.833935395314, 7164.791007764196], [-3191.5079040052415, -12427.375102030446, 12295.826383024394, 1934.487706920556, -1495.0142546058407, -8766.491389901736, -26186.434430790174, 68283.45600899278, -14825.380976724351, -10431.59440039993, -1567.857388980994, -2628.527736745923, 4548.455407401547], [-7287.370679063775, -1514.7947867740315, -7170.139114446383, 9368.63630843273, 1479.5683653381748, 1350.0350815255003, -9760.98437274933, -14825.380976724351, 38282.2575036505, -7597.350349233606, -1120.6358791281757, 4197.80514939516, -1560.3143865040201], [-1522.4794089154113, -6073.9813294884225, -9013.129049796504, -453.7144828150979, 6943.508360141327, -2122.853475813488, -1882.1865949652752, -10431.59440039993, -7597.350349233606, 64382.95741270571, -34990.20685701051, -2188.2061226737765, 1577.3907179836256], [1153.317064008748, 726.9777580699415, 3111.008577617979, -11002.550424926774, 7491.295821906399, -2241.3273955617765, 4268.722251250491, -1567.857388980994, -1120.6358791281757, -34990.20685701051, 72308.68627157464, -26270.86815831168, -4842.450603144654], [-4536.64308410133, 988.1758708245185, 2342.241088400018, 2163.967333312621, -12857.48365677101, 22036.167736632924, -6503.833935395314, -2628.527736745923, 4197.80514939516, -2188.2061226737765, -26270.86815831168, 60221.68106060825, -26304.06236495971], [-2367.5698396603993, 1885.8965206560465, -2107.16328824694, 1594.3355834164138, 3203.3903988295788, -11578.036259288654, 7164.791007764196, 4548.455407401547, -1560.3143865040201, 1577.3907179836256, -4842.450603144654, -26304.06236495971, 43753.44748503783]], "mean": [165.3206650831354, 184.5356294536817, 197.67102137767222, 198.37410926365797, 177.32897862232778, 196.62826603325416, 225.13064133016627, 237.54869358669833, 237.18052256532067, 185.32660332541568, 192.12351543942992, 168.70308788598575, 210.63420427553444]}}, "11-13": {"max_dim": 10, "1": {"cov_matrix": 280.80442539009334, "mean": 324.68535240999176}, "2": {"cov_matrix": [[84182.57883016666, -31921.859246230197], [-31921.859246230197, 79838.56420859246]], "mean": [325.8798560830199, 326.997784748963]}, "3": {"cov_matrix": [[89679.1036893834, -34725.2877181618, -3514.671744992021], [-34725.2877181618, 86214.77768304906, -33170.91298420952], [-3514.671744992021, -33170.91298420952, 80231.34472619086]], "mean": [321.5709588092766, 328.7501384562132, 328.4143302180685]}, "4": {"cov_matrix": [[89622.50350570043, -35342.02034222127, -4473.157350917846, 1048.554005234881], [-35342.02034222127, 93206.02334659251, -36761.43399713671, -3626.2479511524803], [-4473.157350917846, -36761.43399713671, 87925.98510178528, -32862.64664323351], [1048.554005234881, -3626.2479511524803, -32862.64664323351, 79627.92640543828]], "mean": [318.4739990891401, 324.1591313708442, 330.8162133068356, 324.7016105659752]}, "5": {"cov_matrix": [[86411.62797065525, -32663.45257125407, -4804.795481314662, 1729.675664580254, -3977.0371969939474], [-32663.45257125407, 93979.12797714738, -37985.87290557958, -4862.774949055778, 2925.2021845961513], [-4804.795481314662, -37985.87290557958, 97034.69017435357, -37242.393988517724, -5430.117030429458], [1729.675664580254, -4862.774949055778, -37242.393988517724, 89145.00568585513, -32372.555530834277], [-3977.0371969939474, 2925.2021845961513, -5430.117030429458, -32372.555530834277, 77652.51689613228]], "mean": [320.6224035417364, 320.9391006666495, 325.6473449846851, 326.9350081078994, 322.86638696558646]}, "6": {"cov_matrix": [[85488.48875735699, -33259.076691877795, -3511.2301267781054, 1438.197369388576, -5298.915164648087, 2610.141910608501], [-33259.076691877795, 91070.11098183056, -35264.39918697106, -5378.94076969609, 4437.727808910532, -4695.413397363889], [-3511.2301267781054, -35264.39918697106, 99262.04305564969, -39011.46584206051, -7630.059293317783, 4684.021995203497], [1438.197369388576, -5378.94076969609, -39011.46584206051, 101444.0050935437, -37980.95659784042, -6708.177923673404], [-5298.915164648087, 4437.727808910532, -7630.059293317783, -37980.95659784042, 89753.29238164409, -32943.06957031557], [2610.141910608501, -4695.413397363889, 4684.021995203497, -6708.177923673404, -32943.06957031557, 76809.05274805396]], "mean": [314.33529391765546, 324.5432631829463, 321.9044300139394, 318.8376568184136, 325.1529935742699, 322.7189338047802]}, "7": {"cov_matrix": [[84628.96754910609, -35601.13129388328, -1064.3360383556983, -1007.9134035670234, -6497.393732240766, 4323.677952507058, -203.65670649767762], [-35601.13129388328, 91950.70258095709, -37343.14362057147, -3740.7724914783125, 5345.165300285179, -7031.769181920618, 1899.8755241177344], [-1064.3360383556983, -37343.14362057147, 97397.62098231312, -35417.582069126176, -9634.262035089187, 7860.368577029111, -5269.471106996038], [-1007.9134035670234, -3740.7724914783125, -35417.582069126176, 106597.74502298843, -41019.74629644633, -10588.53439125513, 4250.610433698934], [-6497.393732240766, 5345.165300285179, -9634.262035089187, -41019.74629644633, 107978.14768772003, -41430.47305753914, -4856.360848676659], [4323.677952507058, -7031.769181920618, 7860.368577029111, -10588.53439125513, -41430.47305753914, 95024.17562208463, -34929.206875894684], [-203.65670649767762, 1899.8755241177344, -5269.471106996038, 4250.610433698934, -4856.360848676659, -34929.206875894684, 73196.01756751919]], "mean": [300.0827135226876, 317.5842360105825, 327.6225228373184, 310.38521439624617, 312.63804722208357, 325.44251984226025, 323.2903708880347]}, "8": {"cov_matrix": [[89177.867882923, -37815.219540999096, 2953.7856798572057, -5607.376637524775, -7689.213553210577, 7333.194675316854, -1082.461247988811, 1441.4920912170924], [-37815.219540999096, 94644.51269724856, -44148.90335173055, 179.42670763203384, 4183.0112847469445, -10378.831640401051, 4155.560176325691, 164.45040627395034], [2953.7856798572057, -44148.90335173055, 103109.9030460113, -38804.21557270538, -10256.82545887657, 12765.854059563324, -9939.457033541743, -1060.0929847506088], [-560