{"1": {"LA": {"7-9": {"max_dim": 3, "1": {"cov_matrix": 292.5718062426266, "mean": 709.4330935251799}, "2": {"cov_matrix": [[73843.88150520263, -19388.796068026877], [-19388.796068026877, 57671.22444991164]], "mean": [643.7320446330348, 605.6929121483577]}, "3": {"cov_matrix": [[67005.54463079575, -32104.288867352345, -2226.3244920222533], [-32104.288867352345, 68273.80602975222, -31386.39257148874], [-2226.3244920222533, -31386.39257148874, 41634.60285181644]], "mean": [497.23481414324567, 611.0398912058024, 523.2184950135993]}}, "9-11": {"max_dim": 5, "1": {"cov_matrix": 264.8044671728503, "mean": 623.2567190276094}, "2": {"cov_matrix": [[69770.81845491579, -9900.433140445886], [-9900.433140445886, 62879.08276987459]], "mean": [614.5487863610094, 596.319639761125]}, "3": {"cov_matrix": [[64359.21469612888, -17459.39112688476, -2372.5070805768646], [-17459.39112688476, 63083.149979302805, -11273.54386472174], [-2372.5070805768646, -11273.54386472174, 49479.35926090618]], "mean": [556.7477151965994, 572.8668437832093, 575.13390010627]}, "4": {"cov_matrix": [[59229.778540291634, -23559.99464461835, -6076.963243451881, 1991.4328367277299], [-23559.99464461835, 55632.64544721554, -17514.59300363507, -3600.329289517598], [-6076.963243451881, -17514.59300363507, 56326.09462136597, -12371.796667731322], [1991.4328367277299, -3600.329289517598, -12371.796667731322, 34168.08367495777]], "mean": [545.3920182440137, 524.6250855188141, 562.9411630558723, 581.9473204104903]}, "5": {"cov_matrix": [[47780.61904594224, -23722.85497282516, -10149.739841613688, 7228.889951624424, 7080.91358450427], [-23722.85497282516, 47074.11493086081, -18385.233890591513, -5337.927050498081, -3521.054616808087], [-10149.739841613688, -18385.233890591513, 53165.55540485405, -24370.413755713034, -2160.825439921512], [7228.889951624424, -5337.927050498081, -24370.413755713034, 50809.47802335238, -5736.630553356422], [7080.91358450427, -3521.054616808087, -2160.825439921512, -5736.630553356422, 24945.90545390964]], "mean": [458.897577092511, 536.7907488986784, 458.48348017621146, 582.9482378854625, 606.5550660792951]}}, "11-13": {"max_dim": 1, "1": {"cov_matrix": 316.6863920669831, "mean": 701.6778984704057}}, "13-15": {"max_dim": 3, "1": {"cov_matrix": 373.58924386485546, "mean": 736.6853973582428}, "2": {"cov_matrix": [[139618.50875680786, -33103.16947674978], [-33103.16947674978, 118213.8656754396]], "mean": [740.0856647685071, 776.5501361723199]}, "3": {"cov_matrix": [[54116.952935517635, -10426.378819002352, -18150.999312452248], [-10426.378819002352, 135694.53853945617, -45197.97717511247], [-18150.999312452248, -45197.97717511247, 103410.39369606427]], "mean": [305.4655462184874, 859.0722689075631, 806.3126050420168]}}, "15-17": {"max_dim": 3, "1": {"cov_matrix": 305.05029902784435, "mean": 736.4500957757839}, "2": {"cov_matrix": [[91320.21162282827, -8167.229977572839], [-8167.229977572839, 76098.15063394501]], "mean": [728.4769866048947, 739.0274952160338]}, "3": {"cov_matrix": [[71785.91621474385, -17098.053247679105, -8261.659034047218], [-17098.053247679105, 60279.20204760827, -5914.416224552015], [-8261.659034047218, -5914.416224552015, 50334.14705393594]], "mean": [566.8607784431138, 721.6848802395209, 715.0288173652694]}}, "17-19": {"max_dim": 1, "1": {"cov_matrix": 305.5925782277947, "mean": 776.4299262381454}}, "19-21": {"max_dim": 3, "1": {"cov_matrix": 336.18694230822786, "mean": 708.7300987052942}, "2": {"cov_matrix": [[100296.53244689363, -31676.315238197563], [-31676.315238197563, 109109.58453757835]], "mean": [711.9653451995684, 725.8852481121899]}, "3": {"cov_matrix": [[55778.995997784376, -7849.3608884195755, -7192.571589429262], [-7849.3608884195755, 77712.08337670832, -28977.48917843774], [-7192.571589429262, -28977.48917843774, 79918.4711351884]], "mean": [570.2043769855277, 731.0674196964349, 720.446876103071]}}, "21-23": {"max_dim": 2, "1": {"cov_matrix": 333.0177629425864, "mean": 996.2291273851723}, "2": {"cov_matrix": [[84131.23131388365, -19938.75554999292], [-19938.75554999292, 52792.36854051184]], "mean": [1022.3156289707752, 1136.5550190597205]}}}, "SA": {"7-9": {"max_dim": 0}, "9-11": {"max_dim": 1, "1": {"cov_matrix": 203.46762087310736, "mean": 1107.606974552309}}, "11-13": {"max_dim": 1, "1": {"cov_matrix": 271.3077542707985, "mean": 991.7110920034394}}, "13-15": {"max_dim": 1, "1": {"cov_matrix": 319.3457432711359, "mean": 874.6243949661181}}, "15-17": {"max_dim": 1, "1": {"cov_matrix": 253.70767679965323, "mean": 971.3540802213001}}, "17-19": {"max_dim": 1, "1": {"cov_matrix": 280.1290293740946, "mean": 969.9636202307009}}, "19-21": {"max_dim": 1, "1": {"cov_matrix": 321.4905826556197, "mean": 818.7179741807348}}, "21-23": {"max_dim": 1, "1": {"cov_matrix": 350.69712499165684, "mean": 926.441484300666}}}, "FE": {"7-9": {"max_dim": 0}, "9-11": {"max_dim": 1, "1": {"cov_matrix": 186.78686741817955, "mean": 1129.213043478261}}, "11-13": {"max_dim": 1, "1": {"cov_matrix": 275.77116602327317, "mean": 1066.5029190992493}}, "13-15": {"max_dim": 1, "1": {"cov_matrix": 441.7014915043642, "mean": 1056.2282926829268}}, "15-17": {"max_dim": 1, "1": {"cov_matrix": 342.57813825526915, "mean": 991.311861743912}}, "17-19": {"max_dim": 1, "1": {"cov_matrix": 371.33605834791547, "mean": 1056.3153384747216}}, "19-21": {"max_dim": 1, "1": {"cov_matrix": 373.7426888883403, "mean": 959.5246212121212}}, "21-23": {"max_dim": 1, "1": {"cov_matrix": 328.87775286259705, "mean": 1224.0858143607707}}}}, "44": {"LA": {"7-9": {"max_dim": 3, "1": {"cov_matrix": 208.70947730494066, "mean": 472.05099415204677}, "2": {"cov_matrix": [[37813.47217132149, -13410.141001745198], [-13410.141001745198, 29216.59711198929]], "mean": [418.1261038502296, 411.61374072765807]}, "3": {"cov_matrix": [[69911.9136818692, -29611.069586671718, -11122.19910041246], [-29611.069586671718, 49960.398755906375, -4465.4471882457065], [-11122.19910041246, -4465.4471882457065, 19899.035317798956]], "mean": [310.6811797752809, 364.85252808988764, 379.66713483146066]}}, "9-11": {"max_dim": 2, "1": {"cov_matrix": 224.98644475748665, "mean": 483.6087018241181}, "2": {"cov_matrix": [[35700.742936513, -11428.459320198548], [-11428.459320198548, 25339.38383232799]], "mean": [442.39599332220365, 436.16627712854756]}}, "11-13": {"max_dim": 3, "1": {"cov_matrix": 223.03214820978243, "mean": 434.27988807868405}, "2": {"cov_matrix": [[52492.72926900413, -20490.581364743593], [-20490.581364743593, 40151.43691342061]], "mean": [385.8232199228341, 414.3526248100082]}, "3": {"cov_matrix": [[63373.66061942879, -35710.520659137575, -10500.829657955564], [-35710.520659137575, 76144.15730162225, -23432.865269953178], [-10500.829657955564, -23432.865269953178, 35987.34029242158]], "mean": [249.69134170522142, 389.41705221414406, 393.06543291473895]}}, "13-15": {"max_dim": 3, "1": {"cov_matrix": 247.77684339995974, "mean": 449.8006897449245}, "2": {"cov_matrix": [[47506.58978477185, -22403.99926264984], [-22403.99926264984, 41546.259002539024]], "mean": [377.35919540229884, 419.78631138975965]}, "3": {"cov_matrix": [[29171.60007993709, -17030.952978308374, -3503.9787732262885], [-17030.952978308374, 41341.6604889196, -17300.942675546634], [-3503.9787732262885, -17300.942675546634, 28510.90840251801]], "mean": [233.83652430044182, 433.5935198821797, 366.74226804123714]}}, "15-17": {"max_dim": 3, "1": {"cov_matrix": 246.18303051270314, "mean": 472.38477860293705}, "2": {"cov_matrix": [[58160.29951416735, -13289.738821513609], [-13289.738821513609, 50358.53034352787]], "mean": [435.69536806800437, 475.4943618805297]}, "3": {"cov_matrix": [[46985.41920402715, -15972.550363898898, -2492.4332595048163], [-15972.550363898898, 57706.23468065172, -18722.067749299742], [-2492.4332595048163, -18722.067749299742, 45170.338328391765]], "mean": [285.06798418972335, 466.5894598155468, 469.22397891963107]}}, "17-19": {"max_dim": 2, "1": {"cov_matrix": 210.55885797777538, "mean": 504.9104675470351}, "2": {"cov_matrix": [[39134.389495919924, -15003.748484536074], [-15003.748484536074, 24457.265885657765]], "mean": [435.87378849881543, 478.91729485246606]}}, "19-21": {"max_dim": 2, "1": {"cov_matrix": 217.9293536038484, "mean": 547.6522326507395}, "2": {"cov_matrix": [[36498.390889753275, -13172.1208052112], [-13172.1208052112, 22743.965822240254]], "mean": [474.7952787952788, 499.5950345950346]}}, "21-23": {"max_dim": 1, "1": {"cov_matrix": 184.61786374020704, "mean": 744.8196221815966}}}, "SA": {"7-9": {"max_dim": 1, "1": {"cov_matrix": 142.3115029662613, "mean": 1081.9900744416873}}, "9-11": {"max_dim": 1, "1": {"cov_matrix": 155.15041683562046, "mean": 878.2464664310954}}, "11-13": {"max_dim": 1, "1": {"cov_matrix": 203.29562770662292, "mean": 829.0544815465729}}, "13-15": {"max_dim": 1, "1": {"cov_matrix": 203.72929315382893, "mean": 755.5145631067961}}, "15-17": {"max_dim": 1, "1": {"cov_matrix": 194.41813336532405, "mean": 849.1583747927032}}, "17-19": {"max_dim": 1, "1": {"cov_matrix": 248.293097589868, "mean": 826.7252994011976}}, "19-21": {"max_dim": 2, "1": {"cov_matrix": 181.91204890062897, "mean": 701.0256941566515}, "2": {"cov_matrix": [[35762.29682577932, -768.97023593069], [-768.97023593069, 20076.213475651177]], "mean": [702.2866108786611, 736.3378661087866]}}, "21-23": {"max_dim": 1, "1": {"cov_matrix": 190.8081838909211, "mean": 754.5870570107858}}}, "FE": {"7-9": {"max_dim": 1, "1": {"cov_matrix": 116.61307700184607, "mean": 1168.5042301184433}}, "9-11": {"max_dim": 1, "1": {"cov_matrix": 179.96940245805453, "mean": 954.3572695035461}}, "11-13": {"max_dim": 1, "1": {"cov_matrix": 172.79123840542627, "mean": 923.372005988024}}, "13-15": {"max_dim": 1, "1": {"cov_matrix": 210.96050732351918, "mean": 935.9620403321471}}, "15-17": {"max_dim": 1, "1": {"cov_matrix": 233.15968740376096, "mean": 1128.236448598131}}, "17-19": {"max_dim": 1, "1": {"cov_matrix": 293.36985254618014, "mean": 938.7004504504505}}, "19-21": {"max_dim": 1, "1": {"cov_matrix": 271.8332637250397, "mean": 810.8731117824774}}, "21-23": {"max_dim": 1, "1": {"cov_matrix": 294.16401605326456, "mean": 960.569514237856}}}}, "82": {"LA": {"7-9": {"max_dim": 7, "1": {"cov_matrix": 290.1145586254928, "mean": 372.0706072618977}, "2": {"cov_matrix": [[93214.7580633269, -23972.730940600846], [-23972.730940600846, 77143.19114096576]], "mean": [359.7417081379628, 347.68705232574865]}, "3": {"cov_matrix": [[95734.89548965845, -40710.48287499384, -1156.3835511383127], [-40710.48287499384, 89772.32778866704, -29934.236622512406], [-1156.3835511383127, -29934.236622512406, 71341.14324075218]], "mean": [312.82389937106916, 319.45135930208966, 303.82324000811525]}, "4": {"cov_matrix": [[95524.6583164854, -41447.13377686376, -4154.5261473887185, -238.73632555985301], [-41447.13377686376, 99394.44511478904, -44505.330940441214, -1627.8669474658482], [-4154.5261473887185, -44505.330940441214, 88583.8456520746, -32346.876020103406], [-238.73632555985301, -1627.8669474658482, -32346.876020103406, 66189.28184620799]], "mean": [277.0154820548909, 292.9905499145471, 282.143259274153, 253.65255856036995]}, "5": {"cov_matrix": [[92943.79319842199, -42376.56232548502, -1563.7876231080288, -4797.548706835895, 837.0112974875673], [-42376.56232548502, 95913.31633216646, -43977.278829859766, 212.99513915166932, -2398.155713676767], [-1563.7876231080288, -43977.278829859766, 101041.43604818912, -48452.8889581886, 23.47824521955916], [-4797.548706835895, 212.99513915166932, -48452.8889581886, 88543.92494882624, -37108.209759577614], [837.0112974875673, -2398.155713676767, 23.47824521955916, -37108.209759577614, 65243.187715417516]], "mean": [254.64901329037454, 274.9701973419251, 269.5716874748288, 257.7490938380991, 230.62082158679019]}, "6": {"cov_matrix": [[85278.3475523565, -37861.657429320134, 3435.649626939093, -12771.624184526205, 6694.937686319927, 1399.8004507211658], [-37861.657429320134, 88751.33983069612, -42195.42052403935, 5452.527478504273, -8901.624611339257, -1963.1285986934374], [3435.649626939093, -42195.42052403935, 103415.66459024917, -54919.07421124823, 8.872465052883308, 1299.337851088664], [-12771.624184526205, 5452.527478504273, -54919.07421124823, 109481.9699517853, -55253.61654564045, 3615.8146721406097], [6694.937686319927, -8901.624611339257, 8.872465052883308, -55253.61654564045, 89351.03746547805, -33638.01963812496], [1399.8004507211658, -1963.1285986934374, 1299.337851088664, 3615.8146721406097, -33638.01963812496, 55075.40228794806]], "mean": [217.72632532850022, 259.7313094698686, 251.3411871318532, 263.67557770729496, 251.03896692342548, 209.7711826008156]}, "7": {"cov_matrix": [[86498.71793211372, -45200.422468983175, 7513.178514136024, -23864.567172453048, 12757.132963927768, 6258.214652596874, -13227.766619571134], [-45200.422468983175, 94519.76603823566, -45959.368161949766, 20206.992449997786, -23019.31831427437, 5452.216521700736, 4407.384454059786], [7513.178514136024, -45959.368161949766, 95343.1951079518, -44928.75439680927, 4797.862289725814, -8375.57821537375, -4196.581195637777], [-23864.567172453048, 20206.992449997786, -44928.75439680927, 105427.31620723997, -65480.072917126585, 9343.741695733439, 280.8203820624928], [12757.132963927768, -23019.31831427437, 4797.862289725814, -65480.072917126585, 116738.28274979023, -56977.32495915931, 6048.890834032411], [6258.214652596874, 5452.216521700736, -8375.57821537375, 9343.741695733439, -56977.32495915931, 83762.49980131576, -32496.66654156917], [-13227.766619571134, 4407.384454059786, -4196.581195637777, 280.8203820624928, 6048.890834032411, -32496.66654156917, 45776.27193253567]], "mean": [196.36463223787166, 194.1267605633803, 233.45539906103286, 266.05946791862283, 273.40845070422534, 233.65258215962442, 182.30516431924883]}}, "9-11": {"max_dim": 3, "1": {"cov_matrix": 305.52518500913726, "mean": 414.8897145863475}, "2": {"cov_matrix": [[84298.83809642513, 10457.735656838475], [10457.735656838475, 75747.08673390398]], "mean": [402.8861471861472, 448.0017316017316]}, "3": {"cov_matrix": [[39493.391549642816, -6615.221748442503, -1746.4441572217474], [-6615.221748442503, 70311.09754127855, -10641.002450532962], [-1746.4441572217474, -10641.002450532962, 58014.24754345714]], "mean": [203.2790294627383, 424.0831889081456, 445.78986135181975]}}, "11-13": {"max_dim": 2, "1": {"cov_matrix": 297.2816423245824, "mean": 519.0687150172681}, "2": {"cov_matrix": [[74002.95092204728, -3968.5449564254445], [-3968.5449564254445, 60193.86223217296]], "mean": [353.6031007751938, 512.675968992248]}}, "13-15": {"max_dim": 4, "1": {"cov_matrix": 215.07594000165864, "mean": 393.2370755066941}, "2": {"cov_matrix": [[37845.628170581855, -12301.299360382089], [-12301.299360382089, 28752.49498073398]], "mean": [369.3727982030973, 378.0663198959688]}, "3": {"cov_matrix": [[40338.96454119418, -17283.646674436306, 467.3992518562864], [-17283.646674436306, 31854.50892334866, -9907.028505644837], [467.3992518562864, -9907.028505644837, 20810.539061944102]], "mean": [353.8504361799816, 371.29763544536274, 361.1887052341598]}, "4": {"cov_matrix": [[37151.217461155444, -19379.726171704046, 1685.8109342836176, -1215.9896548969489], [-19379.726171704046, 38922.107757872145, -13964.17774057531, 21.557716887681334], [1685.8109342836176, -13964.17774057531, 23643.78850281681, -7034.897427704105], [-1215.9896548969489, 21.557716887681334, -7034.897427704105, 15693.674229110082]], "mean": [290.5318401405358, 371.24505928853756, 345.90777338603425, 348.45454545454544]}}, "15-17": {"max_dim": 1, "1": {"cov_matrix": 297.74266752948307, "mean": 484.5721393034826}}, "17-19": {"max_dim": 5, "1": {"cov_matrix": 229.1683213478259, "mean": 486.9820907647428}, "2": {"cov_matrix": [[46654.67637248233, 9776.39771491215], [9776.39771491215, 44713.604195164764]], "mean": [460.6436794908881, 477.9524443158808]}, "3": {"cov_matrix": [[36870.737455872164, -2776.8146316381076, 5211.379363921542], [-2776.8146316381076, 33336.356131871275, 612.2972757602215], [5211.379363921542, 612.2972757602215, 30688.557090413375]], "mean": [400.479714153988, 436.7219917012448, 460.76694329183954]}, "4": {"cov_matrix": [[35063.33255006365, -11206.525658500617, -1539.4873809914855, 2822.8050881835034], [-11206.525658500617, 29077.968747496023, -7355.285505261321, -50.42182384371448], [-1539.4873809914855, -7355.285505261321, 20560.90064125408, -5472.045621695215], [2822.8050881835034, -50.42182384371448, -5472.045621695215, 22695.04203087304]], "mean": [369.6800651819663, 391.62058663769693, 413.8726235741445, 458.7933188484519]}, "5": {"cov_matrix": [[34890.020295049624, -12757.515617370529, -4807.904412757779, 77.94481585372255, -1382.5233156719112], [-12757.515617370529, 43767.58175679184, -14806.136187730508, 3636.1168276972603, -1032.7842397797506], [-4807.904412757779, -14806.136187730508, 24353.963586307214, -7736.956189288869, 631.378414108358], [77.94481585372255, 3636.1168276972603, -7736.956189288869, 13688.456012674664, -4451.730281543814], [-1382.5233156719112, -1032.7842397797506, 631.378414108358, -4451.730281543814, 17444.34644434056]], "mean": [252.90660225442835, 351.26409017713365, 360.9355877616747, 429.97906602254426, 483.9404186795491]}}, "19-21": {"max_dim": 1, "1": {"cov_matrix": 275.92018955234016, "mean": 514.2663124914861}}, "21-23": {"max_dim": 3, "1": {"cov_matrix": 274.90602638844996, "mean": 540.6332376509987}, "2": {"cov_matrix": [[61342.4163480321, -11524.012534874186], [-11524.012534874186, 37900.27451279309]], "mean": [452.0248377713135, 533.6126650257328]}, "3": {"cov_matrix": [[74748.19141500033, -12214.017582242172, -10595.955089466064], [-12214.017582242172, 54129.615945379206, -9636.916063988467], [-10595.955089466064, -9636.916063988467, 21381.805684438794]], "mean": [240.6611957796014, 507.6471277842907, 527.2708089097304]}}}, "SA": {"7-9": {"max_dim": 1, "1": {"cov_matrix": 155.40353946830513, "mean": 1010.6866197183099}}, "9-11": {"max_dim": 1, "1": {"cov_matrix": 153.83796718507094, "mean": 925.7069716775599}}, "11-13": {"max_dim": 1, "1": {"cov_matrix": 155.99043598343337, "mean": 960.120792079208}}, "13-15": {"max_dim": 1, "1": {"cov_matrix": 148.52984911324899, "mean": 924.7486631016043}}, "15-17": {"max_dim": 1, "1": {"cov_matrix": 147.4820381668669, "mean": 897.2364243943191}}, "17-19": {"max_dim": 1, "1": {"cov_matrix": 147.93805676557903, "mean": 929.7279495990837}}, "19-21": {"max_dim": 1, "1": {"cov_matrix": 195.5599159858422, "mean": 893.7366325369738}}, "21-23": {"max_dim": 1, "1": {"cov_matrix": 253.41529266720013, "mean": 1199.9233401779602}}}, "FE": {"7-9": {"max_dim": 1, "1": {"cov_matrix": 135.7551101282993, "mean": 1126.793304221252}}, "9-11": {"max_dim": 1, "1": {"cov_matrix": 125.02548898401726, "mean": 1074.9652096342552}}, "11-13": {"max_dim": 1, "1": {"cov_matrix": 117.35089192372503, "mean": 1071.5511811023623}}, "13-15": {"max_dim": 1, "1": {"cov_matrix": 163.01556057286757, "mean": 1088.4860166288738}}, "15-17": {"max_dim": 1, "1": {"cov_matrix": 165.2826675973111, "mean": 1083.6580392156864}}, "17-19": {"max_dim": 1, "1": {"cov_matrix": 151.27520203631863, "mean": 1074.8365102639295}}, "19-21": {"max_dim": 1, "1": {"cov_matrix": 170.18535327648684, "mean": 1057.8801775147929}}, "21-23": {"max_dim": 1, "1": {"cov_matrix": 278.4594858377305, "mean": 1129.3857442348008}}}}, "132": {"LA": {"7-9": {"max_dim": 5, "1": {"cov_matrix": 212.40890942555055, "mean": 415.5934033805391}, "2": {"cov_matrix": [[46310.04965445155, -8313.210298194108], [-8313.210298194108, 37283.57620985533]], "mean": [410.4096841454939, 393.3892707287564]}, "3": {"cov_matrix": [[44953.71243943357, -12793.16640490089, -1064.0522766943984], [-12793.16640490089, 38055.55870518583, -12001.817879080325], [-1064.0522766943984, -12001.817879080325, 31989.411857189734]], "mean": [383.1294861593869, 381.3866158549353, 371.10163742200257]}, "4": {"cov_matrix": [[43286.51717251591, -15032.425808878686, -2150.876328818271, 71.08064002382147], [-15032.425808878686, 37722.0568016904, -13053.348197888858, -2753.510229855388], [-2150.876328818271, -13053.348197888858, 33498.748007824805, -11834.432058479104], [71.08064002382147, -2753.510229855388, -11834.432058479104, 25927.64689954944]], "mean": [357.2682121870724, 362.16308460114305, 370.487321902922, 367.46647347661593]}, "5": {"cov_matrix": [[39288.22553312183, -15394.44153081522, -2385.9431959698195, -702.4576235529686, -1881.6776324563339], [-15394.44153081522, 35676.03352233027, -12229.660965824884, -3301.017439747326, -40.76072383509672], [-2385.9431959698195, -12229.660965824884, 36896.69792464965, -13930.981805157191, -2203.748720493518], [-702.4576235529686, -3301.017439747326, -13930.981805157191, 31182.28948238392, -10392.024726090047], [-1881.6776324563339, -40.76072383509672, -2203.748720493518, -10392.024726090047, 21039.451389084552]], "mean": [330.34496124031006, 341.04578488372096, 356.1577034883721, 376.04748062015506, 367.5053294573643]}}, "9-11": {"max_dim": 6, "1": {"cov_matrix": 201.38153221641613, "mean": 373.21500378501133}, "2": {"cov_matrix": [[38776.451414199, -9840.132103318312], [-9840.132103318312, 34805.92662469989]], "mean": [365.06261697453004, 365.2893237854992]}, "3": {"cov_matrix": [[41265.84391695073, -11497.736604093403, -1627.4166053659148], [-11497.736604093403, 35946.002993143215, -9958.065392875487], [-1627.4166053659148, -9958.065392875487, 31741.997466702902]], "mean": [356.43768115942026, 360.8042493316449, 364.52894329534263]}, "4": {"cov_matrix": [[42879.53115750993, -13276.287544199817, -1701.0308892271019, -549.6687981140132], [-13276.287544199817, 39275.080215297676, -12222.186676003897, -1863.0374395906351], [-1701.0308892271019, -12222.186676003897, 32658.65280638019, -9296.77693679587], [-549.6687981140132, -1863.0374395906351, -9296.77693679587, 28205.506887159696]], "mean": [347.30878913278156, 347.8679381072328, 358.60592839150775, 363.6834742713206]}, "5": {"cov_matrix": [[45452.49469357914, -14792.545762599239, -1805.5777359566289, -1439.8121830743407, 1402.987679477557], [-14792.545762599239, 42018.60700340894, -15526.060368529317, -1598.0809729324533, -1684.2506194711546], [-1805.5777359566289, -15526.060368529317, 37183.288066818284, -12250.686009956182, -3079.5046799947186], [-1439.8121830743407, -1598.0809729324533, -12250.686009956182, 28860.808773345627, -8655.45257724498], [1402.987679477557, -1684.2506194711546, -3079.5046799947186, -8655.45257724498, 27020.367078998243]], "mean": [328.7656082071324, 333.78143624816806, 338.9830972154372, 357.961700048852, 364.8503175378603]}, "6": {"cov_matrix": [[54788.14606816083, -20485.5321149162, 372.1671368564127, -3382.561384094099, 1939.8165226090375, -628.4468154969032], [-20485.5321149162, 51050.39409446911, -19548.466114786428, 398.11670111833024, -3181.3515126764037, 4514.584023079643], [372.1671368564127, -19548.466114786428, 44321.33761608273, -18418.50278406045, -2508.788592161705, -2082.3814840193713], [-3382.561384094099, 398.11670111833024, -18418.50278406045, 34259.88377180472, -12636.3294754957, -899.9805937546339], [1939.8165226090375, -3181.3515126764037, -2508.788592161705, -12636.3294754957, 26081.01541982305, -5931.280373853435], [-628.4468154969032, 4514.584023079643, -2082.3814840193713, -899.9805937546339, -5931.280373853435, 21903.918783085006]], "mean": [293.71971295905445, 312.8704094554664, 321.2059940903335, 327.23891937526383, 378.1257914731954, 373.5601519628535]}}, "11-13": {"max_dim": 6, "1": {"cov_matrix": 230.82559458134506, "mean": 391.07572897989996}, "2": {"cov_matrix": [[48598.79350215676, -5325.839540327363], [-5325.839540327363, 47101.15956608172]], "mean": [379.34987710023904, 379.10448163237817]}, "3": {"cov_matrix": [[45525.05218118817, -11853.129179746726, -475.78344726637005], [-11853.129179746726, 42230.83427104315, -9415.029964466916], [-475.78344726637005, -9415.029964466916, 39276.051502704424]], "mean": [355.03165884350346, 367.48237291521025, 372.71377209627485]}, "4": {"cov_matrix": [[47027.10252488881, -16047.486241300398, -1043.4206865031974, -1468.9468663190034], [-16047.486241300398, 42576.81909633848, -13393.540218139628, -2273.063286420985], [-1043.4206865031974, -13393.540218139628, 38280.244784054106, -12231.237387889634], [-1468.9468663190034, -2273.063286420985, -12231.237387889634, 36647.599841581134]], "mean": [338.99136664217485, 335.1094783247612, 366.1487876561352, 369.06879132990446]}, "5": {"cov_matrix": [[49496.67806289995, -22145.593045163158, 1431.4293308885285, -4770.997728418122, -1150.922436679112], [-22145.593045163158, 51213.775908164156, -16690.71387123541, -2552.667692611899, -871.6461675619329], [1431.4293308885285, -16690.71387123541, 41679.142817806955, -18253.679328446528, -1601.2696850409284], [-4770.997728418122, -2552.667692611899, -18253.679328446528, 40882.012933853126, -12330.69358011811], [-1150.922436679112, -871.6461675619329, -1601.2696850409284, -12330.69358011811, 32256.70520862675]], "mean": [305.22322116619574, 326.91959928076034, 328.9827896223992, 368.26945800154124, 348.94605702543026]}, "6": {"cov_matrix": [[55532.12904994746, -35656.464130668945, 12060.06007272442, -7815.754362486215, -1437.0538709108835, 8049.79748141088], [-35656.464130668945, 73775.29382886906, -35208.12279590811, 3382.0444898518776, -3574.277756379706, -7398.7261083293615], [12060.06007272442, -35208.12279590811, 62156.69364999573, -30411.05666499109, 5614.551837368861, -564.2363804910518], [-7815.754362486215, 3382.0444898518776, -30411.05666499109, 64750.81700733118, -30327.64837022868, -2730.521141655946], [-1437.0538709108835, -3574.277756379706, 5614.551837368861, -30327.64837022868, 50174.21403764174, -14417.08281705956], [8049.79748141088, -7398.7261083293615, -564.2363804910518, -2730.521141655946, -14417.08281705956, 35411.62276000287]], "mean": [215.17328519855596, 269.0902527075812, 326.7581227436823, 357.40794223826714, 330.3519855595668, 300.2707581227437]}}, "13-15": {"max_dim": 5, "1": {"cov_matrix": 229.1236639972999, "mean": 394.06060535124885}, "2": {"cov_matrix": [[48290.474378120154, -8169.285505721466], [-8169.285505721466, 44856.513042845385]], "mean": [378.8504145711567, 390.8751529155906]}, "3": {"cov_matrix": [[42574.963038219874, -13826.928854138112, 16.826448741053994], [-13826.928854138112, 41791.61435503814, -12433.311409063028], [16.826448741053994, -12433.311409063028, 37815.59322555299]], "mean": [342.4435581583199, 380.0802201130856, 389.86222738287563]}, "4": {"cov_matrix": [[43301.67903363242, -16790.327301986013, -2209.284757538498, -2771.484950454589], [-16790.327301986013, 39569.08697772394, -14972.232588867597, -1694.6661431081902], [-2209.284757538498, -14972.232588867597, 38073.17429427686, -14314.877203154727], [-2771.484950454589, -1694.6661431081902, -14314.877203154727, 32990.320843142]], "mean": [334.51969018290407, 337.16843971631204, 388.2117394550205, 390.1433370660694]}, "5": {"cov_matrix": [[39792.71616506536, -13693.155798663714, -5218.8959031188515, -3775.685715081301, 2145.7366824280084], [-13693.155798663714, 40507.47972020184, -15134.092488873224, -3620.9018607692096, -3575.2063849460105], [-5218.8959031188515, -15134.092488873224, 38957.00217851361, -17086.058337719962, -251.0733893448432], [-3775.685715081301, -3620.9018607692096, -17086.058337719962, 37023.625208078716, -12252.488850032274], [2145.7366824280084, -3575.2063849460105, -251.0733893448432, -12252.488850032274, 26443.997903573534]], "mean": [292.93675780171225, 353.2358464512566, 327.1695664181165, 406.985639326153, 363.9685169842585]}}, "15-17": {"max_dim": 6, "1": {"cov_matrix": 202.40426356279826, "mean": 354.64355775435575}, "2": {"cov_matrix": [[34328.39023115743, -8874.169495312222], [-8874.169495312222, 30746.660167521968]], "mean": [343.2816516964484, 337.91313041546323]}, "3": {"cov_matrix": [[34182.43429577683, -11127.335385014449, -2935.907737287054], [-11127.335385014449, 31149.572698984615, -9174.87855660853], [-2935.907737287054, -9174.87855660853, 26502.356784036903]], "mean": [335.4489338828167, 338.2563160723885, 328.86893029922953]}, "4": {"cov_matrix": [[34130.21630248693, -12535.677112643532, -4028.0862772726878, 199.79077418611038], [-12535.677112643532, 32031.324695862495, -11213.606412960551, -3198.601219085173], [-4028.0862772726878, -11213.606412960551, 27168.250107614862, -8744.37368405824], [199.79077418611038, -3198.601219085173, -8744.37368405824, 22359.604154871475]], "mean": [325.4910433574614, 331.8474080573225, 332.3271185201433, 316.1234919938583]}, "5": {"cov_matrix": [[32950.090914887005, -13401.453096449273, -4210.845877801182, 511.19551538583426, -389.4297024255977], [-13401.453096449273, 33458.46054988978, -12560.314819456862, -3616.370892167615, -49.28526388205662], [-4210.845877801182, -12560.314819456862, 29432.555968183064, -10741.643997065165, -2452.983584085426], [511.19551538583426, -3616.370892167615, -10741.643997065165, 24032.49452267227, -7740.242304468113], [-389.4297024255977, -49.28526388205662, -2452.983584085426, -7740.242304468113, 17506.9044281289]], "mean": [305.0681518151815, 326.4123762376238, 330.5452145214521, 324.9524752475248, 299.38151815181516]}, "6": {"cov_matrix": [[27772.795201017554, -17192.750906684545, -2379.769977139516, 1339.3918510115352, 1556.0658055312053, 530.1862527716182], [-17192.750906684545, 35444.123029173534, -15780.48152377024, -1529.6378344665354, 318.0313392412103, -811.847006651885], [-2379.769977139516, -15780.48152377024, 36489.838891303436, -15338.536304213838, -2657.1872312788355, -578.6352549889132], [1339.3918510115352, -1529.6378344665354, -15338.536304213838, 29149.84162424832, -12063.406915357282, -1110.4478935698444], [1556.0658055312053, 318.0313392412103, -2657.1872312788355, -12063.406915357282, 23250.129629493214, -7171.481152993348], [530.1862527716182, -811.847006651885, -578.6352549889132, -1110.4478935698444, -7171.481152993348, 14268.767184035476]], "mean": [206.4031007751938, 311.47065337763013, 332.6854928017719, 337.5537098560354, 311.44407530454043, 278.0]}}, "17-19": {"max_dim": 6, "1": {"cov_matrix": 216.6349139717969, "mean": 377.0189990482518}, "2": {"cov_matrix": [[43723.56186847981, -3505.8788458729073], [-3505.8788458729073, 37067.50287011868]], "mean": [360.8087417218543, 371.1933774834437]}, "3": {"cov_matrix": [[38597.729521218454, -10848.262330412044, -881.1768532140844], [-10848.262330412044, 33697.80737710733, -8452.776964942715], [-881.1768532140844, -8452.776964942715, 27918.992006035754]], "mean": [329.49079929967485, 355.5453246149998, 363.93625611891235]}, "4": {"cov_matrix": [[34458.360331704454, -12626.708680666268, -2800.6593814551334, -158.8878292155148], [-12626.708680666268, 32297.35167583728, -11268.902504080439, -1864.715535175737], [-2800.6593814551334, -11268.902504080439, 28822.327313953272, -9100.36592500555], [-158.8878292155148, -1864.715535175737, -9100.36592500555, 21837.111204987465]], "mean": [311.88922251325624, 325.22187440107325, 357.6541876956494, 359.6324666198173]}, "5": {"cov_matrix": [[30390.636498663025, -12272.856149298661, -2682.3412883429346, -179.80269050645245, -293.26052294931384], [-12272.856149298661, 30490.42323418271, -11527.62169745264, -2326.295208385659, 419.4348561735589], [-2682.3412883429346, -11527.62169745264, 30185.89942334965, -11190.400781129096, -3056.882867801701], [-179.80269050645245, -2326.295208385659, -11190.400781129096, 24848.523015909257, -8243.668250045032], [-293.26052294931384, 419.4348561735589, -3056.882867801701, -8243.668250045032, 17893.971483555448]], "mean": [282.59811253561253, 308.74732905982904, 328.4779202279202, 356.59366096866097, 351.8644943019943]}, "6": {"cov_matrix": [[20481.98026959296, -10319.286963723462, -2309.7627424801694, 1812.0322247845613, -2470.200741809041, 665.6955619971014], [-10319.286963723462, 25287.326449526285, -9349.358021033391, -4017.507516260539, 571.2310121159759, 1939.4457244240089], [-2309.7627424801694, -9349.358021033391, 25037.547489344077, -9677.321294703097, -2061.158746421255, -1728.222387425658], [1812.0322247845613, -4017.507516260539, -9677.321294703097, 26661.635374795624, -11726.516560404962, -1677.2905067719516], [-2470.200741809041, 571.2310121159759, -2061.158746421255, -11726.516560404962, 23099.291665179244, -8155.366572542357], [665.6955619971014, 1939.4457244240089, -1728.222387425658, -1677.2905067719516, -8155.366572542357, 15106.372432405416]], "mean": [235.64619492656877, 269.08811748998664, 321.2696929238985, 318.6154873164219, 354.0333778371162, 325.8878504672897]}}, "19-21": {"max_dim": 6, "1": {"cov_matrix": 228.11755233126704, "mean": 391.21095572997405}, "2": {"cov_matrix": [[49518.77551984497, -16192.289651482504], [-16192.289651482504, 41213.2840748514]], "mean": [372.4311082102989, 385.2541636658264]}, "3": {"cov_matrix": [[51320.878489730734, -20181.595560417703, -524.7050604654692], [-20181.595560417703, 44366.307935683995, -16243.905109694395], [-524.7050604654692, -16243.905109694395, 34965.0168650657]], "mean": [353.943060382629, 378.6315327898139, 380.39133400461236]}, "4": {"cov_matrix": [[53744.370682258625, -23052.293910758126, -908.7379902848193, -1508.4422701346875], [-23052.293910758126, 49072.44710691104, -19524.545281412516, -1297.8256467010272], [-908.7379902848193, -19524.545281412516, 38539.636845319335, -14491.975178651204], [-1508.4422701346875, -1297.8256467010272, -14491.975178651204, 28597.836024473938]], "mean": [331.76172607879926, 367.29273810837657, 376.80057388809183, 375.25118640326673]}, "5": {"cov_matrix": [[51180.79045309236, -26259.702022002377, -1514.6041055699457, -2049.7127301754126, 390.8210139608173], [-26259.702022002377, 56829.2644554049, -22590.977663251448, -1694.1415834328557, -1969.3985896702616], [-1514.6041055699457, -22590.977663251448, 44824.595806967554, -16776.99545788747, -1377.878200261684], [-2049.7127301754126, -1694.1415834328557, -16776.99545788747, 32476.3386613475, -11231.593020109724], [390.8210139608173, -1969.3985896702616, -1377.878200261684, -11231.593020109724, 21929.61102427999]], "mean": [286.5037604859705, 352.3876193231125, 365.18006942435636, 377.79245010124384, 353.95501880242983]}, "6": {"cov_matrix": [[32953.901530741474, -19463.32304314785, -1048.8506616325503, -2033.2787698580228, 2232.411418438862, -912.1621041965735], [-19463.32304314785, 61210.84985223338, -35186.574371841125, -2749.439035717303, -88.22001061506754, -433.7921677663714], [-1048.8506616325503, -35186.574371841125, 71666.55451683333, -25618.838752246655, -3331.3134027333804, -1113.9638870459946], [-2033.2787698580228, -2749.439035717303, -25618.838752246655, 46506.36875791608, -14653.705102471622, -1950.3596132736632], [2232.411418438862, -88.22001061506754, -3331.3134027333804, -14653.705102471622, 26883.248091096593, -7283.145316703056], [-912.1621041965735, -433.7921677663714, -1113.9638870459946, -1950.3596132736632, -7283.145316703056, 15186.082271625191]], "mean": [201.1350164654226, 317.28430296377604, 320.80570801317236, 383.7047200878156, 351.6147091108672, 333.98792535675085]}}, "21-23": {"max_dim": 4, "1": {"cov_matrix": 252.58203884449708, "mean": 558.1944829451337}, "2": {"cov_matrix": [[71772.34021840962, -22007.052947992983], [-22007.052947992983, 51943.17779358829]], "mean": [477.31620227038184, 552.3190918472652]}, "3": {"cov_matrix": [[69039.3995369383, -33351.36847413373, 8630.777136511302], [-33351.36847413373, 67966.1475007328, -18549.851498511063], [8630.777136511302, -18549.851498511063, 44380.41227660092]], "mean": [380.4902501839588, 491.1668506254599, 497.5610743193525]}, "4": {"cov_matrix": [[53726.66367652627, -32942.55529867279, 8046.990704442088, -8621.674772745606], [-32942.55529867279, 76245.55710429813, -29486.42516830787, 6524.871275665013], [8046.990704442088, -29486.42516830787, 67002.91327475908, -22785.84397535414], [-8621.674772745606, 6524.871275665013, -22785.84397535414, 42205.528214292375]], "mean": [263.36456692913384, 417.6472440944882, 398.28897637795274, 467.2425196850394]}}}, "SA": {"7-9": {"max_dim": 1, "1": {"cov_matrix": 151.27071557991766, "mean": 1173.2791572610986}}, "9-11": {"max_dim": 2, "1": {"cov_matrix": 187.3902858040235, "mean": 833.3474025974026}, "2": {"cov_matrix": [[37821.242471528465, -13766.754580419576], [-13766.754580419576, 40402.66423776223]], "mean": [823.2957042957042, 850.9580419580419]}}, "11-13": {"max_dim": 1, "1": {"cov_matrix": 205.48492494174712, "mean": 834.0733182161754}}, "13-15": {"max_dim": 1, "1": {"cov_matrix": 254.4830723057325, "mean": 877.1683098591549}}, "15-17": {"max_dim": 1, "1": {"cov_matrix": 270.27680120714206, "mean": 807.1922858763471}}, "17-19": {"max_dim": 2, "1": {"cov_matrix": 227.1581683984809, "mean": 833.9659763313609}, "2": {"cov_matrix": [[47932.752045634035, 7899.89845971564], [7899.89845971564, 33490.73317535545]], "mean": [819.2945075757576, 822.875]}}, "19-21": {"max_dim": 1, "1": {"cov_matrix": 213.60268860502077, "mean": 837.2823061630219}}, "21-23": {"max_dim": 2, "1": {"cov_matrix": 238.03794923016662, "mean": 956.6072329688814}, "2": {"cov_matrix": [[48291.89691429552, 3901.1751426977353], [3901.1751426977353, 44438.40451053603]], "mean": [892.3981481481482, 981.4675925925926]}}}, "FE": {"7-9": {"max_dim": 0}, "9-11": {"max_dim": 1, "1": {"cov_matrix": 208.9992542079461, "mean": 1239.7579273008507}}, "11-13": {"max_dim": 1, "1": {"cov_matrix": 170.73669649008875, "mean": 1088.6748582230623}}, "13-15": {"max_dim": 1, "1": {"cov_matrix": 209.70770196892255, "mean": 1114.9845005740528}}, "15-17": {"max_dim": 1, "1": {"cov_matrix": 223.75164085531443, "mean": 1089.8497624703089}}, "17-19": {"max_dim": 1, "1": {"cov_matrix": 166.0703694279268, "mean": 1122.0893169877409}}, "19-21": {"max_dim": 2, "1": {"cov_matrix": 207.36535618968722, "mean": 1089.5746376811594}, "2": {"cov_matrix": [[46483.31566007205, -6151.1273137493845], [-6151.1273137493845, 38882.00109652092]], "mean": [1070.9983948635634, 1104.747191011236]}}, "21-23": {"max_dim": 2, "1": {"cov_matrix": 211.00611714090124, "mean": 1147.5887345679012}, "2": {"cov_matrix": [[58015.08125756133, -15270.028791705201], [-15270.028791705201, 31095.93304399027]], "mean": [1116.2840300107182, 1192.9239013933548]}}}}, "133": {"LA": {"7-9": {"max_dim": 8, "1": {"cov_matrix": 228.82606770937008, "mean": 324.97044578432343}, "2": {"cov_matrix": [[50704.29401918582, -14563.566952887599], [-14563.566952887599, 47948.907609546986]], "mean": [315.98734109028226, 313.23561732385264]}, "3": {"cov_matrix": [[47585.956915138806, -15865.177614524942, 2589.3588213456155], [-15865.177614524942, 50213.577822410036, -16499.07020910903], [2589.3588213456155, -16499.07020910903, 43865.36327709704]], "mean": [294.26929693772223, 304.55163053867034, 294.3197996712161]}, "4": {"cov_matrix": [[44526.31824541032, -17070.67306198522, 831.5666785770075, 1521.1514808944246], [-17070.67306198522, 48650.65884775308, -18321.50944442354, 1110.47038122219], [831.5666785770075, -18321.50944442354, 48102.59731525329, -19016.653883746847], [1521.1514808944246, 1110.47038122219, -19016.653883746847, 42858.74857787539]], "mean": [265.0004269854825, 279.50073197511284, 280.7768695864341, 271.2533853848969]}, "5": {"cov_matrix": [[43743.30065117529, -17315.94527241437, -903.6301757590923, 1665.435941457888, -1104.7432853482405], [-17315.94527241437, 47337.89582183742, -18757.156152701868, -45.06520454055646, 560.9165098987764], [-903.6301757590923, -18757.156152701868, 50178.572365003856, -20967.86461260068, 524.3020494774377], [1665.435941457888, -45.06520454055646, -20967.86461260068, 48817.62859490694, -21257.615407632828], [-1104.7432853482405, 560.9165098987764, 524.3020494774377, -21257.615407632828, 44164.867387236685]], "mean": [244.09731337161608, 257.5514766201805, 262.5899302707137, 263.13607465135357, 261.1536095159967]}, "6": {"cov_matrix": [[40205.917658702994, -16730.320994946203, -2740.4820726673124, 2392.7793837314453, -1668.4374967905644, -1866.713247334743], [-16730.320994946203, 45586.34912057918, -16464.979123410612, -1039.1495579538341,